	date	high	low	open	close	volume	Adj Close
0	2015-11-02	67.80000305175781	61.79999923706055	63.70000076293945	65.0	3138000.0	53.50278091430664
1	2015-11-03	66.80000305175781	63.0	66.4000015258789	63.5	1224000.0	52.26810836791992
2	2015-11-04	66.5999984741211	63.5	64.0	64.5999984741211	1222000.0	53.17353439331055
3	2015-11-05	65.69999694824219	64.0999984741211	64.5999984741211	65.5	687000.0	53.914344787597656
4	2015-11-06	70.4000015258789	65.0	66.5	65.0	1663000.0	53.50278091430664
5	2015-11-09	67.0	64.5999984741211	65.5999984741211	64.5999984741211	811000.0	53.17353439331055
6	2015-11-10	63.79999923706055	60.599998474121094	62.0	61.5	911000.0	50.621864318847656
7	2015-11-11	61.5	55.400001525878906	60.0	55.70000076293945	2056000.0	45.8477668762207
8	2015-11-12	57.5	51.099998474121094	56.0	52.20000076293945	1557000.0	42.96685028076172
9	2015-11-13	54.5	51.29999923706055	52.5	53.099998474121094	791000.0	43.70765686035156
10	2015-11-16	57.599998474121094	52.400001525878906	52.70000076293945	57.599998474121094	1447000.0	47.41169738769531
11	2015-11-17	58.79999923706055	56.5	57.5	56.599998474121094	809000.0	46.58858108520508
12	2015-11-18	57.79999923706055	54.79999923706055	57.29999923706055	54.79999923706055	518000.0	45.106964111328125
13	2015-11-19	56.20000076293945	54.099998474121094	55.20000076293945	55.20000076293945	507000.0	45.43621063232422
14	2015-11-20	56.400001525878906	54.79999923706055	55.5	55.70000076293945	474000.0	45.8477668762207
15	2015-11-23	56.099998474121094	51.900001525878906	56.0	53.0	654000.0	43.62535095214844
16	2015-11-24	54.29999923706055	52.29999923706055	53.099998474121094	52.400001525878906	287000.0	43.13147735595703
17	2015-11-25	53.29999923706055	49.349998474121094	52.79999923706055	50.0	803000.0	41.15598678588867
18	2015-11-26	51.70000076293945	49.5	50.400001525878906	50.20000076293945	596000.0	41.320613861083984
19	2015-11-27	50.099998474121094	49.20000076293945	50.099998474121094	49.599998474121094	318000.0	40.82674026489258
20	2015-11-30	52.79999923706055	49.04999923706055	49.04999923706055	51.599998474121094	714000.0	42.47297668457031
21	2015-12-01	52.5	50.900001525878906	51.70000076293945	50.900001525878906	636000.0	41.89679718017578
22	2015-12-02	52.79999923706055	50.0	50.900001525878906	50.0	483000.0	41.15598678588867
23	2015-12-03	51.0	49.20000076293945	50.0	49.5	272000.0	40.74443054199219
24	2015-12-04	49.45000076293945	47.04999923706055	49.45000076293945	47.70000076293945	589000.0	39.2628173828125
25	2015-12-07	48.70000076293945	48.099998474121094	48.70000076293945	48.25	250000.0	39.71552658081055
26	2015-12-08	48.849998474121094	48.0	48.04999923706055	48.0	206000.0	39.50975036621094
27	2015-12-09	48.0	43.20000076293945	48.0	43.20000076293945	941000.0	35.558773040771484
28	2015-12-10	44.400001525878906	42.400001525878906	42.400001525878906	44.20000076293945	493000.0	36.38189697265625
29	2015-12-11	43.70000076293945	39.79999923706055	43.099998474121094	40.0	840000.0	32.92478942871094
30	2015-12-14	38.79999923706055	37.150001525878906	37.150001525878906	37.5	519000.0	30.866989135742188
31	2015-12-15	39.5	37.75	37.75	38.79999923706055	416000.0	31.937042236328125
32	2015-12-16	39.70000076293945	38.0	39.0	39.099998474121094	307000.0	32.183982849121094
33	2015-12-17	40.5	39.0	39.0	39.95000076293945	287000.0	32.88363265991211
34	2015-12-18	39.95000076293945	39.25	39.849998474121094	39.70000076293945	112000.0	32.6778564453125
35	2015-12-21	39.349998474121094	38.599998474121094	39.25	39.04999923706055	149000.0	32.142826080322266
36	2015-12-22	39.79999923706055	39.04999923706055	39.04999923706055	39.099998474121094	130000.0	32.183982849121094
37	2015-12-23	39.5	38.70000076293945	39.400001525878906	38.900001525878906	194000.0	32.01935958862305
38	2015-12-24	39.25	38.400001525878906	39.099998474121094	38.400001525878906	130000.0	31.60780143737793
39	2015-12-25	38.70000076293945	38.400001525878906	38.45000076293945	38.54999923706055	100000.0	31.73126792907715
40	2015-12-28	42.400001525878906	38.70000076293945	38.70000076293945	42.400001525878906	897000.0	34.9002799987793
41	2015-12-29	46.54999923706055	43.20000076293945	43.20000076293945	45.400001525878906	2117000.0	37.3696403503418
42	2015-12-30	45.20000076293945	42.79999923706055	45.20000076293945	43.70000076293945	824000.0	35.9703369140625
43	2015-12-31	44.79999923706055	43.0	43.0	43.150001525878906	370000.0	35.51762008666992
44	2016-01-04	43.150001525878906	39.599998474121094	42.599998474121094	40.20000076293945	415000.0	33.08941650390625
45	2016-01-05	39.599998474121094	39.0	39.20000076293945	39.099998474121094	359000.0	32.183982849121094
46	2016-01-06	40.54999923706055	39.099998474121094	39.599998474121094	39.099998474121094	348000.0	32.183982849121094
47	2016-01-07	39.79999923706055	36.0	38.5	36.099998474121094	603000.0	29.71462059020996
48	2016-01-08	38.0	35.79999923706055	36.099998474121094	37.70000076293945	307000.0	31.0316162109375
49	2016-01-11	41.45000076293945	38.0	38.29999923706055	41.45000076293945	586000.0	34.11831283569336
50	2016-01-12	45.5	42.099998474121094	43.349998474121094	43.45000076293945	1965000.0	35.764556884765625
51	2016-01-13	46.400001525878906	43.79999923706055	44.45000076293945	44.04999923706055	1147000.0	36.258426666259766
52	2016-01-14	43.95000076293945	40.0	43.95000076293945	40.29999923706055	791000.0	33.17172622680664
53	2016-01-15	41.45000076293945	40.29999923706055	41.0	40.349998474121094	313000.0	33.21288299560547
54	2016-01-18	44.29999923706055	38.29999923706055	38.29999923706055	44.29999923706055	714000.0	36.46420669555664
55	2016-01-19	44.75	42.95000076293945	44.0	43.70000076293945	348000.0	35.9703369140625
56	2016-01-20	44.0	41.54999923706055	43.70000076293945	41.599998474121094	329000.0	34.24177932739258
57	2016-01-21	44.25	42.0	42.0	42.349998474121094	346000.0	34.85912322998047
58	2016-01-22	44.0	42.599998474121094	42.599998474121094	42.599998474121094	359000.0	35.06489944458008
59	2016-01-25	45.400001525878906	42.599998474121094	42.599998474121094	44.099998474121094	577000.0	36.29957962036133
60	2016-01-26	44.79999923706055	43.20000076293945	43.20000076293945	44.79999923706055	221000.0	36.87576675415039
61	2016-01-27	45.29999923706055	43.849998474121094	44.849998474121094	43.849998474121094	265000.0	36.09379959106445
62	2016-01-28	48.099998474121094	43.20000076293945	43.849998474121094	46.79999923706055	1190000.0	38.52199935913086
63	2016-01-29	51.400001525878906	47.20000076293945	47.400001525878906	51.400001525878906	1548000.0	42.30835723876953
64	2016-02-01	52.599998474121094	49.25	51.099998474121094	50.5	901000.0	41.56754684448242
65	2016-02-02	50.70000076293945	49.29999923706055	49.650001525878906	50.0	445000.0	41.15598678588867
66	2016-02-03	51.900001525878906	49.29999923706055	49.400001525878906	50.0	724000.0	41.15598678588867
67	2016-02-15	55.0	50.0	50.0	55.0	1302000.0	45.271583557128906
68	2016-02-16	59.79999923706055	55.599998474121094	56.79999923706055	56.400001525878906	2577000.0	46.423954010009766
69	2016-02-17	58.29999923706055	55.20000076293945	56.400001525878906	57.70000076293945	1081000.0	47.49401092529297
70	2016-02-18	59.0	57.20000076293945	57.70000076293945	57.20000076293945	730000.0	47.082454681396484
71	2016-02-19	57.900001525878906	55.0	57.20000076293945	56.0	875000.0	46.09471130371094
72	2016-02-22	56.70000076293945	52.20000076293945	55.70000076293945	53.0	1235000.0	43.62535095214844
73	2016-02-23	56.20000076293945	53.20000076293945	53.79999923706055	54.20000076293945	1007000.0	44.613094329833984
74	2016-02-24	54.79999923706055	52.099998474121094	53.79999923706055	52.400001525878906	587000.0	43.13147735595703
75	2016-02-25	54.5	52.599998474121094	52.900001525878906	53.099998474121094	778000.0	43.70765686035156
76	2016-02-26	58.20000076293945	53.70000076293945	54.400001525878906	57.099998474121094	2238000.0	47.00013732910156
77	2016-03-01	58.900001525878906	56.20000076293945	57.400001525878906	57.599998474121094	1094000.0	47.41169738769531
78	2016-03-02	58.29999923706055	56.79999923706055	57.79999923706055	56.900001525878906	480000.0	46.835514068603516
79	2016-03-03	57.79999923706055	55.29999923706055	57.5	55.70000076293945	458000.0	45.8477668762207
80	2016-03-04	56.20000076293945	55.0	55.70000076293945	55.400001525878906	271000.0	45.60083770751953
81	2016-03-07	56.400001525878906	54.0	55.400001525878906	54.20000076293945	412000.0	44.613094329833984
82	2016-03-08	54.099998474121094	52.900001525878906	54.099998474121094	53.5	324000.0	44.03690719604492
83	2016-03-09	56.900001525878906	53.0	53.5	54.400001525878906	994000.0	44.777713775634766
84	2016-03-10	55.29999923706055	53.5	54.599998474121094	53.5	412000.0	44.03690719604492
85	2016-03-11	56.099998474121094	53.79999923706055	53.79999923706055	54.5	622000.0	44.860023498535156
86	2016-03-14	55.70000076293945	54.0	55.5	54.5	241000.0	44.860023498535156
87	2016-03-15	54.900001525878906	52.79999923706055	54.5	52.79999923706055	472000.0	43.46072006225586
88	2016-03-16	54.79999923706055	53.29999923706055	53.400001525878906	53.79999923706055	242000.0	44.28384017944336
89	2016-03-17	54.79999923706055	53.79999923706055	54.29999923706055	53.79999923706055	311000.0	44.28384017944336
90	2016-03-18	56.5	53.79999923706055	53.79999923706055	54.900001525878906	570000.0	45.18927764892578
91	2016-03-21	55.5	54.0	54.900001525878906	54.70000076293945	165000.0	45.024654388427734
92	2016-03-22	55.5	53.900001525878906	55.20000076293945	54.20000076293945	187000.0	44.613094329833984
93	2016-03-23	54.79999923706055	53.29999923706055	54.20000076293945	53.29999923706055	273000.0	43.87228012084961
94	2016-03-24	54.29999923706055	52.70000076293945	53.0	53.0	385000.0	43.62535095214844
95	2016-03-25	53.400001525878906	51.5	53.400001525878906	51.70000076293945	318000.0	42.55529022216797
96	2016-03-28	55.79999923706055	52.70000076293945	53.900001525878906	53.0	1030000.0	43.62535095214844
97	2016-03-29	53.599998474121094	51.5	53.0	52.5	547000.0	43.21378707885742
98	2016-03-30	54.400001525878906	52.70000076293945	52.70000076293945	53.0	413000.0	43.62535095214844
99	2016-03-31	56.400001525878906	53.400001525878906	54.099998474121094	55.5	1077000.0	45.68314743041992
100	2016-04-01	61.0	55.099998474121094	55.599998474121094	59.5	4588000.0	48.97562789916992
101	2016-04-06	60.599998474121094	58.20000076293945	60.5	59.400001525878906	1773000.0	48.893314361572266
102	2016-04-07	63.79999923706055	58.20000076293945	59.79999923706055	62.29999923706055	2209000.0	51.280364990234375
103	2016-04-08	63.900001525878906	60.5	61.400001525878906	61.400001525878906	1969000.0	50.53955078125
104	2016-04-11	63.79999923706055	60.599998474121094	61.900001525878906	61.400001525878906	1934000.0	50.53955078125
105	2016-04-12	62.20000076293945	58.20000076293945	61.400001525878906	58.20000076293945	1044000.0	47.90557098388672
106	2016-04-13	61.29999923706055	58.20000076293945	58.79999923706055	60.70000076293945	732000.0	49.96337127685547
107	2016-04-14	61.599998474121094	59.599998474121094	61.5	59.599998474121094	584000.0	49.05793762207031
108	2016-04-15	63.599998474121094	59.599998474121094	59.599998474121094	62.099998474121094	1867000.0	51.1157341003418
109	2016-04-18	62.79999923706055	61.099998474121094	62.29999923706055	61.29999923706055	689000.0	50.45724105834961
110	2016-04-19	65.80000305175781	61.0	61.599998474121094	63.20000076293945	2111000.0	52.02116775512695
111	2016-04-20	64.30000305175781	61.900001525878906	62.79999923706055	62.0	888000.0	51.03342056274414
112	2016-04-21	63.70000076293945	61.099998474121094	62.29999923706055	62.20000076293945	711000.0	51.19804763793945
113	2016-04-22	63.20000076293945	60.79999923706055	62.5	61.599998474121094	442000.0	50.70417404174805
114	2016-04-25	63.70000076293945	61.400001525878906	61.70000076293945	61.599998474121094	290000.0	50.70417404174805
115	2016-04-26	62.29999923706055	60.79999923706055	61.70000076293945	60.79999923706055	210000.0	50.04568099975586
116	2016-04-27	61.29999923706055	59.599998474121094	60.900001525878906	60.0	214000.0	49.38718795776367
117	2016-04-28	60.5	56.70000076293945	60.5	57.5	680000.0	47.329383850097656
118	2016-04-29	57.5	56.0	57.5	56.0	394000.0	46.09471130371094
119	2016-05-03	56.79999923706055	56.0	56.5	56.0	263000.0	46.09471130371094
120	2016-05-04	56.400001525878906	53.29999923706055	55.400001525878906	53.900001525878906	675000.0	44.366153717041016
121	2016-05-05	54.900001525878906	53.099998474121094	53.5	54.900001525878906	254000.0	45.18927764892578
122	2016-05-06	55.20000076293945	53.099998474121094	55.20000076293945	53.099998474121094	262000.0	43.70765686035156
123	2016-05-09	53.79999923706055	49.400001525878906	53.20000076293945	49.599998474121094	642000.0	40.82674026489258
124	2016-05-10	54.5	47.0	49.599998474121094	54.5	1203000.0	44.860023498535156
125	2016-05-11	57.900001525878906	54.099998474121094	56.5	54.29999923706055	1869000.0	44.695404052734375
126	2016-05-12	56.20000076293945	51.599998474121094	54.099998474121094	52.20000076293945	1083000.0	42.96685028076172
127	2016-05-13	54.0	51.70000076293945	52.20000076293945	53.5	665000.0	44.03690719604492
128	2016-05-16	55.099998474121094	52.5	53.099998474121094	54.29999923706055	393000.0	44.695404052734375
129	2016-05-17	56.400001525878906	54.20000076293945	54.79999923706055	55.5	544000.0	45.68314743041992
130	2016-05-18	57.79999923706055	55.0	55.0	56.20000076293945	506000.0	46.25932693481445
131	2016-05-19	57.0	55.20000076293945	56.5	55.400001525878906	347000.0	45.60083770751953
132	2016-05-20	56.70000076293945	54.400001525878906	55.29999923706055	56.5	320000.0	46.50626754760742
133	2016-05-23	59.29999923706055	57.29999923706055	57.29999923706055	58.79999923706055	651000.0	48.39944076538086
134	2016-05-24	59.099998474121094	57.79999923706055	58.79999923706055	58.400001525878906	351000.0	48.07019805908203
135	2016-05-25	59.099998474121094	57.900001525878906	58.900001525878906	57.900001525878906	319000.0	47.658634185791016
136	2016-05-26	58.599998474121094	57.29999923706055	57.599998474121094	57.599998474121094	248000.0	47.41169738769531
137	2016-05-27	58.099998474121094	57.400001525878906	57.599998474121094	57.599998474121094	172000.0	47.41169738769531
138	2016-05-30	58.099998474121094	56.79999923706055	57.79999923706055	57.29999923706055	226000.0	47.16476058959961
139	2016-05-31	57.70000076293945	57.0	57.20000076293945	57.0	152000.0	46.917823791503906
140	2016-06-01	58.900001525878906	57.0	57.0	58.0	382000.0	47.740943908691406
141	2016-06-02	60.400001525878906	57.599998474121094	58.29999923706055	57.79999923706055	674000.0	47.576324462890625
142	2016-06-03	58.5	56.29999923706055	58.0	57.20000076293945	365000.0	47.082454681396484
143	2016-06-06	58.400001525878906	57.5	58.0	57.5	212000.0	47.329383850097656
144	2016-06-07	58.5	56.79999923706055	57.5	57.0	238000.0	46.917823791503906
145	2016-06-08	58.0	57.099998474121094	57.099998474121094	57.900001525878906	145000.0	47.658634185791016
146	2016-06-13	58.099998474121094	56.400001525878906	58.099998474121094	56.400001525878906	248000.0	46.423954010009766
147	2016-06-14	56.70000076293945	55.5	56.099998474121094	55.70000076293945	201000.0	45.8477668762207
148	2016-06-15	56.20000076293945	55.79999923706055	56.0	55.900001525878906	98000.0	46.01239776611328
149	2016-06-16	56.900001525878906	55.900001525878906	56.900001525878906	56.099998474121094	166000.0	46.17701721191406
150	2016-06-17	56.79999923706055	55.5	56.099998474121094	55.5	181000.0	45.68314743041992
151	2016-06-20	56.599998474121094	55.20000076293945	55.20000076293945	56.0	230000.0	46.09471130371094
152	2016-06-21	56.70000076293945	56.0	56.0	56.599998474121094	73000.0	46.58858108520508
153	2016-06-22	57.20000076293945	56.599998474121094	57.20000076293945	56.599998474121094	141000.0	46.58858108520508
154	2016-06-23	56.79999923706055	56.099998474121094	56.79999923706055	56.099998474121094	76000.0	46.17701721191406
155	2016-06-24	56.400001525878906	54.0	56.20000076293945	54.0	244000.0	44.44846725463867
156	2016-06-27	56.70000076293945	53.599998474121094	53.599998474121094	56.099998474121094	262000.0	46.17701721191406
157	2016-06-28	56.099998474121094	55.20000076293945	55.400001525878906	55.900001525878906	150000.0	46.01239776611328
158	2016-06-29	60.79999923706055	56.099998474121094	56.5	59.5	1297000.0	48.97562789916992
159	2016-06-30	65.4000015258789	59.29999923706055	59.5	64.5	3458000.0	53.09122085571289
160	2016-07-01	65.5	62.400001525878906	64.5	63.29999923706055	1314000.0	52.103477478027344
161	2016-07-04	67.9000015258789	62.70000076293945	63.599998474121094	65.0999984741211	1992000.0	53.58509063720703
162	2016-07-05	66.5999984741211	64.0	65.0999984741211	64.0	768000.0	52.67966079711914
163	2016-07-06	63.5	61.900001525878906	63.29999923706055	62.0	555000.0	51.03342056274414
164	2016-07-07	63.70000076293945	62.20000076293945	62.400001525878906	62.20000076293945	330000.0	51.19804763793945
165	2016-07-11	64.30000305175781	62.20000076293945	62.20000076293945	63.599998474121094	347000.0	52.35041809082031
166	2016-07-12	64.30000305175781	61.900001525878906	63.599998474121094	63.900001525878906	476000.0	52.59735107421875
167	2016-07-13	65.19999694824219	63.20000076293945	65.0	63.20000076293945	336000.0	52.02116775512695
168	2016-07-14	63.70000076293945	62.29999923706055	63.20000076293945	62.29999923706055	182000.0	51.280364990234375
169	2016-07-15	63.400001525878906	60.20000076293945	62.79999923706055	60.900001525878906	444000.0	50.127994537353516
170	2016-07-18	61.79999923706055	60.79999923706055	61.099998474121094	61.5	251000.0	50.621864318847656
171	2016-07-19	61.79999923706055	60.400001525878906	61.5	60.70000076293945	154000.0	49.96337127685547
172	2016-07-20	63.70000076293945	60.599998474121094	60.599998474121094	62.29999923706055	595000.0	51.280364990234375
173	2016-07-21	63.20000076293945	62.0	63.20000076293945	62.29999923706055	228000.0	51.280364990234375
174	2016-07-22	62.5	61.599998474121094	62.29999923706055	61.599998474121094	169000.0	50.70417404174805
175	2016-07-25	62.0	60.70000076293945	61.599998474121094	60.79999923706055	167000.0	50.04568099975586
176	2016-07-26	61.29999923706055	59.79999923706055	61.29999923706055	60.599998474121094	233000.0	49.88105773925781
177	2016-07-27	62.400001525878906	60.599998474121094	60.599998474121094	61.099998474121094	256000.0	50.29261779785156
178	2016-07-28	61.79999923706055	60.70000076293945	60.79999923706055	60.79999923706055	174000.0	50.04568099975586
179	2016-07-29	61.20000076293945	60.20000076293945	61.20000076293945	60.29999923706055	151000.0	49.63412094116211
180	2016-08-01	61.099998474121094	60.0	60.29999923706055	60.79999923706055	225000.0	50.04568099975586
181	2016-08-02	61.5	60.400001525878906	60.79999923706055	60.5	211000.0	49.798744201660156
182	2016-08-03	62.29999923706055	59.900001525878906	59.900001525878906	60.5	430000.0	49.798744201660156
183	2016-08-04	62.0	60.70000076293945	60.79999923706055	62.0	306000.0	51.03342056274414
184	2016-08-05	63.79999923706055	61.900001525878906	62.5	61.900001525878906	457000.0	50.951114654541016
185	2016-08-08	62.599998474121094	60.900001525878906	62.5	61.0	227000.0	50.210304260253906
186	2016-08-09	61.400001525878906	59.599998474121094	61.20000076293945	59.79999923706055	332000.0	49.22256088256836
187	2016-08-10	59.0	56.20000076293945	57.0	56.599998474121094	1012000.0	46.58858108520508
188	2016-08-11	56.400001525878906	54.20000076293945	56.29999923706055	54.70000076293945	504000.0	45.024654388427734
189	2016-08-12	57.099998474121094	55.0	55.0	55.599998474121094	355000.0	45.76545333862305
190	2016-08-15	57.20000076293945	55.900001525878906	56.0	57.099998474121094	152000.0	47.00013732910156
191	2016-08-16	57.70000076293945	56.79999923706055	57.099998474121094	57.099998474121094	227000.0	47.00013732910156
192	2016-08-17	57.70000076293945	55.900001525878906	57.70000076293945	56.20000076293945	309000.0	46.25932693481445
193	2016-08-18	56.400001525878906	55.70000076293945	56.0	55.79999923706055	192000.0	45.93008041381836
194	2016-08-19	56.29999923706055	55.70000076293945	55.900001525878906	55.900001525878906	238000.0	46.01239776611328
195	2016-08-22	56.0	54.70000076293945	56.0	54.79999923706055	236000.0	45.106964111328125
196	2016-08-23	56.0	55.29999923706055	55.599998474121094	55.599998474121094	150000.0	45.76545333862305
197	2016-08-24	55.79999923706055	55.0	55.79999923706055	55.099998474121094	364000.0	45.3538932800293
198	2016-08-25	53.79999923706055	52.400001525878906	52.400001525878906	53.5	355000.0	46.76277160644531
199	2016-08-26	56.0	53.5	53.5	55.5	530000.0	48.51091384887695
200	2016-08-29	56.20000076293945	55.29999923706055	55.5	55.79999923706055	244000.0	48.77313232421875
201	2016-08-30	56.5	55.400001525878906	56.400001525878906	56.20000076293945	264000.0	49.12276077270508
202	2016-08-31	56.099998474121094	55.20000076293945	56.099998474121094	55.70000076293945	153000.0	48.68572235107422
203	2016-09-01	56.099998474121094	55.099998474121094	56.099998474121094	55.400001525878906	114000.0	48.42350387573242
204	2016-09-02	55.400001525878906	54.099998474121094	55.400001525878906	54.20000076293945	219000.0	47.3746223449707
205	2016-09-05	59.5	56.29999923706055	56.599998474121094	59.5	1771000.0	52.00719451904297
206	2016-09-06	58.79999923706055	57.0	58.5	57.400001525878906	1062000.0	50.17164611816406
207	2016-09-07	58.0	57.099998474121094	57.79999923706055	57.5	319000.0	50.25905227661133
208	2016-09-08	60.20000076293945	57.099998474121094	57.29999923706055	58.900001525878906	982000.0	51.48275375366211
209	2016-09-09	58.900001525878906	57.5	58.400001525878906	58.400001525878906	256000.0	51.045719146728516
210	2016-09-12	57.5	55.599998474121094	57.5	55.70000076293945	506000.0	48.68572235107422
211	2016-09-13	56.79999923706055	54.5	56.0	54.70000076293945	435000.0	47.8116569519043
212	2016-09-14	55.29999923706055	52.79999923706055	54.099998474121094	53.400001525878906	517000.0	46.67536544799805
213	2016-09-19	54.5	53.099998474121094	53.5	54.400001525878906	394000.0	47.549434661865234
214	2016-09-20	55.70000076293945	54.099998474121094	55.0	54.900001525878906	266000.0	47.98646926879883
215	2016-09-21	55.0	54.29999923706055	54.70000076293945	54.900001525878906	130000.0	47.98646926879883
216	2016-09-22	55.20000076293945	54.599998474121094	54.900001525878906	54.79999923706055	136000.0	47.89906311035156
217	2016-09-23	55.79999923706055	54.70000076293945	55.70000076293945	55.0	242000.0	48.073875427246094
218	2016-09-26	54.29999923706055	53.599998474121094	54.29999923706055	53.70000076293945	136000.0	46.937583923339844
219	2016-09-27	53.70000076293945	53.70000076293945	53.70000076293945	53.70000076293945	0.0	46.937583923339844
220	2016-09-28	53.70000076293945	53.70000076293945	53.70000076293945	53.70000076293945	0.0	46.937583923339844
221	2016-09-29	54.099998474121094	52.400001525878906	53.79999923706055	53.29999923706055	431000.0	46.587955474853516
222	2016-09-30	53.70000076293945	53.099998474121094	53.400001525878906	53.5	95000.0	46.76277160644531
223	2016-10-03	53.70000076293945	53.099998474121094	53.400001525878906	53.20000076293945	145000.0	46.50054931640625
224	2016-10-04	53.5	53.099998474121094	53.5	53.099998474121094	104000.0	46.41313934326172
225	2016-10-05	53.599998474121094	52.79999923706055	53.400001525878906	52.900001525878906	92000.0	46.23833084106445
226	2016-10-06	53.900001525878906	53.0	53.400001525878906	53.5	166000.0	46.76277160644531
227	2016-10-07	54.20000076293945	52.70000076293945	54.0	52.79999923706055	190000.0	46.15092086791992
228	2016-10-11	52.5	48.70000076293945	52.5	50.0	495000.0	43.70352554321289
229	2016-10-12	49.400001525878906	47.75	49.400001525878906	48.099998474121094	578000.0	42.04278564453125
230	2016-10-13	49.349998474121094	48.20000076293945	48.20000076293945	48.650001525878906	193000.0	42.523529052734375
231	2016-10-14	48.650001525878906	46.5	48.650001525878906	46.599998474121094	316000.0	40.731685638427734
232	2016-10-17	46.29999923706055	45.0	46.099998474121094	45.400001525878906	333000.0	39.68280029296875
233	2016-10-18	46.400001525878906	45.20000076293945	45.400001525878906	45.849998474121094	156000.0	40.07612991333008
234	2016-10-19	46.70000076293945	46.0	46.0	46.349998474121094	68000.0	40.51316452026367
235	2016-10-20	46.70000076293945	46.0	46.0	46.150001525878906	44000.0	40.33835220336914
236	2016-10-21	46.20000076293945	45.650001525878906	46.150001525878906	45.79999923706055	73000.0	40.03242874145508
237	2016-10-24	45.79999923706055	45.29999923706055	45.79999923706055	45.349998474121094	97000.0	39.639095306396484
238	2016-10-25	45.900001525878906	45.400001525878906	45.900001525878906	45.5	66000.0	39.770206451416016
239	2016-10-26	48.79999923706055	45.70000076293945	45.70000076293945	47.20000076293945	500000.0	41.25613021850586
240	2016-10-27	48.95000076293945	47.400001525878906	47.400001525878906	47.95000076293945	293000.0	41.911678314208984
241	2016-10-28	48.25	46.900001525878906	47.79999923706055	47.0	115000.0	41.0813102722168
242	2016-10-31	47.099998474121094	46.0	47.0	46.5	83000.0	40.6442756652832
243	2016-11-01	47.0	46.29999923706055	46.599998474121094	46.29999923706055	49000.0	40.46946334838867
244	2016-11-02	46.20000076293945	44.5	46.20000076293945	44.79999923706055	206000.0	39.158355712890625
245	2016-11-03	44.400001525878906	43.0	44.0	43.0	175000.0	37.58502960205078
246	2016-11-04	43.79999923706055	42.29999923706055	43.0	43.400001525878906	73000.0	37.93465805053711
247	2016-11-07	44.20000076293945	43.25	43.25	43.54999923706055	35000.0	38.06576919555664
248	2016-11-08	44.0	43.29999923706055	44.0	43.599998474121094	43000.0	38.10947036743164
249	2016-11-09	44.75	43.0	43.70000076293945	44.75	167000.0	39.114654541015625
250	2016-11-10	45.0	43.45000076293945	43.900001525878906	44.04999923706055	371000.0	38.502803802490234
251	2016-11-11	44.04999923706055	43.0	44.04999923706055	43.79999923706055	212000.0	38.28428649902344
252	2016-11-14	43.54999923706055	43.04999923706055	43.29999923706055	43.04999923706055	101000.0	37.62873077392578
253	2016-11-15	43.54999923706055	42.79999923706055	42.900001525878906	43.150001525878906	89000.0	37.71614456176758
254	2016-11-16	43.75	43.29999923706055	43.5	43.54999923706055	72000.0	38.06576919555664
255	2016-11-17	43.900001525878906	43.54999923706055	43.900001525878906	43.79999923706055	61000.0	38.28428649902344
256	2016-11-18	44.349998474121094	43.04999923706055	43.650001525878906	44.04999923706055	74000.0	38.502803802490234
257	2016-11-21	44.400001525878906	44.099998474121094	44.400001525878906	44.099998474121094	61000.0	38.5465087890625
258	2016-11-22	46.0	44.099998474121094	44.099998474121094	45.599998474121094	210000.0	39.857608795166016
259	2016-11-23	45.900001525878906	45.25	45.599998474121094	45.5	57000.0	39.770206451416016
260	2016-11-24	45.79999923706055	44.79999923706055	45.54999923706055	45.20000076293945	93000.0	39.50798797607422
261	2016-11-25	45.79999923706055	45.20000076293945	45.75	45.54999923706055	64000.0	39.813907623291016
262	2016-11-28	46.400001525878906	45.5	45.5	45.79999923706055	81000.0	40.03242874145508
263	2016-11-29	46.79999923706055	46.0	46.79999923706055	46.20000076293945	84000.0	40.38205337524414
264	2016-11-30	46.45000076293945	46.0	46.04999923706055	46.0	51000.0	40.207244873046875
265	2016-12-01	46.54999923706055	46.0	46.5	46.0	115000.0	40.207244873046875
266	2016-12-02	46.45000076293945	45.349998474121094	45.5	46.400001525878906	136000.0	40.55686950683594
267	2016-12-05	47.5	46.45000076293945	46.79999923706055	47.349998474121094	114000.0	41.387237548828125
268	2016-12-06	52.0	47.849998474121094	47.849998474121094	49.79999923706055	920000.0	43.528709411621094
269	2016-12-07	52.5	49.29999923706055	51.0	51.20000076293945	831000.0	44.75240707397461
270	2016-12-08	52.400001525878906	51.0	52.20000076293945	51.20000076293945	282000.0	44.75240707397461
271	2016-12-09	51.400001525878906	50.0	51.29999923706055	50.70000076293945	228000.0	44.315372467041016
272	2016-12-12	52.79999923706055	50.599998474121094	51.79999923706055	50.79999923706055	267000.0	44.40277862548828
273	2016-12-13	51.099998474121094	49.599998474121094	51.0	49.79999923706055	153000.0	43.528709411621094
274	2016-12-14	50.900001525878906	49.79999923706055	49.79999923706055	50.0	161000.0	43.70352554321289
275	2016-12-15	50.70000076293945	49.54999923706055	50.0	49.650001525878906	118000.0	43.39759826660156
276	2016-12-16	52.79999923706055	50.20000076293945	50.20000076293945	52.29999923706055	925000.0	45.71388626098633
277	2016-12-19	53.79999923706055	51.79999923706055	53.099998474121094	51.900001525878906	798000.0	45.3642578125
278	2016-12-20	52.79999923706055	51.599998474121094	52.20000076293945	52.70000076293945	302000.0	46.063514709472656
279	2016-12-21	53.5	52.29999923706055	53.5	52.70000076293945	242000.0	46.063514709472656
280	2016-12-22	53.0	51.900001525878906	53.0	51.900001525878906	197000.0	45.3642578125
281	2016-12-23	52.5	51.79999923706055	51.900001525878906	51.79999923706055	114000.0	45.27684783935547
282	2016-12-26	52.29999923706055	51.099998474121094	52.099998474121094	51.099998474121094	139000.0	44.665000915527344
283	2016-12-27	52.0	51.099998474121094	51.099998474121094	51.5	110000.0	45.01462936401367
284	2016-12-28	52.599998474121094	51.599998474121094	51.79999923706055	52.400001525878906	134000.0	45.801292419433594
285	2016-12-29	52.79999923706055	52.0	52.0	52.20000076293945	101000.0	45.62648010253906
286	2016-12-30	53.70000076293945	52.5	52.5	53.0	329000.0	46.32573699951172
287	2017-01-03	52.599998474121094	52.400001525878906	52.400001525878906	52.5	65000.0	45.88869857788086
288	2017-01-04	57.5	52.599998474121094	53.0	55.900001525878906	1077000.0	48.86054229736328
289	2017-01-05	57.0	55.599998474121094	55.599998474121094	56.20000076293945	603000.0	49.12276077270508
290	2017-01-06	57.29999923706055	56.20000076293945	56.29999923706055	56.79999923706055	496000.0	49.64719772338867
291	2017-01-09	57.5	56.5	57.29999923706055	56.599998474121094	386000.0	49.472389221191406
292	2017-01-10	59.0	56.0	56.400001525878906	57.79999923706055	762000.0	50.52127456665039
293	2017-01-11	62.400001525878906	57.599998474121094	58.400001525878906	61.0	2657000.0	53.31829833984375
294	2017-01-12	62.29999923706055	60.0	61.5	60.70000076293945	759000.0	53.05607604980469
295	2017-01-13	62.79999923706055	60.599998474121094	60.70000076293945	62.0	1007000.0	54.19236755371094
296	2017-01-16	62.400001525878906	60.099998474121094	62.0	60.900001525878906	470000.0	53.23089599609375
297	2017-01-17	61.599998474121094	60.79999923706055	60.900001525878906	61.29999923706055	277000.0	53.58051681518555
298	2017-01-18	61.900001525878906	60.599998474121094	61.099998474121094	61.20000076293945	353000.0	53.49311447143555
299	2017-01-19	61.599998474121094	59.70000076293945	61.20000076293945	59.70000076293945	459000.0	52.1820068359375
300	2017-01-20	61.29999923706055	59.099998474121094	59.099998474121094	60.099998474121094	374000.0	52.53163528442383
301	2017-01-23	61.20000076293945	60.099998474121094	60.099998474121094	61.099998474121094	210000.0	53.405704498291016
302	2017-01-24	62.400001525878906	61.0	61.099998474121094	62.0	442000.0	54.19236755371094
303	2017-02-02	62.400001525878906	60.29999923706055	62.0	61.5	220000.0	53.75533676147461
304	2017-02-03	62.400001525878906	61.0	62.400001525878906	61.599998474121094	165000.0	53.84273910522461
305	2017-02-06	64.5999984741211	61.79999923706055	62.0	62.79999923706055	670000.0	54.891624450683594
306	2017-02-07	63.0	61.20000076293945	62.900001525878906	61.79999923706055	186000.0	54.01755905151367
307	2017-02-08	62.79999923706055	60.099998474121094	62.79999923706055	60.70000076293945	320000.0	53.05607604980469
308	2017-02-09	61.29999923706055	60.400001525878906	60.70000076293945	60.70000076293945	112000.0	53.05607604980469
309	2017-02-10	60.79999923706055	59.400001525878906	60.70000076293945	59.400001525878906	260000.0	51.91978454589844
310	2017-02-13	59.599998474121094	57.79999923706055	59.400001525878906	58.79999923706055	227000.0	51.39533996582031
311	2017-02-14	59.599998474121094	58.0	58.79999923706055	58.0	196000.0	50.69608688354492
312	2017-02-15	59.900001525878906	57.0	57.0	59.5	222000.0	52.00719451904297
313	2017-02-16	60.0	59.20000076293945	59.5	59.20000076293945	145000.0	51.74497604370117
314	2017-02-17	59.20000076293945	58.70000076293945	58.79999923706055	59.0	39000.0	51.570159912109375
315	2017-02-20	60.400001525878906	59.0	59.099998474121094	59.400001525878906	111000.0	51.91978454589844
316	2017-02-21	61.5	59.400001525878906	59.5	60.599998474121094	268000.0	52.96866989135742
317	2017-02-22	61.0	60.099998474121094	61.0	60.099998474121094	91000.0	52.53163528442383
318	2017-02-23	60.5	59.79999923706055	60.5	59.900001525878906	53000.0	52.3568229675293
319	2017-02-24	60.5	59.5	59.70000076293945	59.5	55000.0	52.00719451904297
320	2017-03-01	60.400001525878906	59.70000076293945	60.29999923706055	59.70000076293945	56000.0	52.1820068359375
321	2017-03-02	59.900001525878906	58.400001525878906	59.900001525878906	59.70000076293945	129000.0	52.1820068359375
322	2017-03-03	60.20000076293945	59.0	59.70000076293945	59.599998474121094	87000.0	52.09459686279297
323	2017-03-06	61.0	59.5	59.900001525878906	60.599998474121094	182000.0	52.96866989135742
324	2017-03-07	62.5	61.0	61.0	61.599998474121094	482000.0	53.84273910522461
325	2017-03-08	62.5	61.20000076293945	62.5	61.20000076293945	307000.0	53.49311447143555
326	2017-03-09	61.5	60.79999923706055	61.400001525878906	61.20000076293945	111000.0	53.49311447143555
327	2017-03-10	61.0	60.0	60.79999923706055	60.79999923706055	90000.0	53.14348220825195
328	2017-03-13	63.29999923706055	60.79999923706055	60.79999923706055	63.29999923706055	695000.0	55.32865905761719
329	2017-03-14	65.5	61.900001525878906	64.19999694824219	63.0	824000.0	55.06644058227539
330	2017-03-15	69.30000305175781	63.20000076293945	63.20000076293945	67.19999694824219	2096000.0	58.73752975463867
331	2017-03-16	71.0	66.5	69.5	67.69999694824219	1338000.0	59.17456817626953
332	2017-03-17	69.0	65.0999984741211	67.30000305175781	66.5999984741211	904000.0	58.21309280395508
333	2017-03-20	68.0	65.19999694824219	68.0	65.5	647000.0	57.251617431640625
334	2017-03-21	66.4000015258789	63.599998474121094	66.30000305175781	64.0	474000.0	55.94050979614258
335	2017-03-22	63.79999923706055	62.20000076293945	62.20000076293945	63.5	265000.0	55.503475189208984
336	2017-03-23	64.5	62.5	63.599998474121094	62.599998474121094	258000.0	54.71681213378906
337	2017-03-24	63.29999923706055	61.70000076293945	62.70000076293945	62.5	195000.0	54.62940216064453
338	2017-03-27	62.79999923706055	60.20000076293945	62.79999923706055	60.20000076293945	423000.0	52.619041442871094
339	2017-03-28	61.0	59.79999923706055	60.5	60.5	325000.0	52.881263732910156
340	2017-03-29	61.400001525878906	59.900001525878906	61.400001525878906	60.0	185000.0	52.44422912597656
341	2017-03-30	60.900001525878906	59.099998474121094	59.599998474121094	59.900001525878906	293000.0	52.3568229675293
342	2017-03-31	60.5	59.70000076293945	60.29999923706055	59.79999923706055	119000.0	52.26941680908203
343	2017-04-05	60.599998474121094	59.70000076293945	59.79999923706055	59.79999923706055	167000.0	52.26941680908203
344	2017-04-06	61.20000076293945	59.79999923706055	59.79999923706055	60.29999923706055	312000.0	52.706451416015625
345	2017-04-07	61.099998474121094	60.20000076293945	60.70000076293945	60.5	147000.0	52.881263732910156
346	2017-04-10	61.0	60.29999923706055	60.400001525878906	60.599998474121094	134000.0	52.96866989135742
347	2017-04-11	61.0	59.400001525878906	60.20000076293945	59.599998474121094	193000.0	52.09459686279297
348	2017-04-12	59.79999923706055	58.79999923706055	59.79999923706055	59.0	83000.0	51.570159912109375
349	2017-04-13	58.900001525878906	57.400001525878906	58.79999923706055	57.400001525878906	152000.0	50.17164611816406
350	2017-04-14	57.400001525878906	56.0	57.0	56.0	142000.0	48.94794845581055
351	2017-04-17	58.29999923706055	56.0	57.0	57.599998474121094	96000.0	50.346458435058594
352	2017-04-18	59.599998474121094	57.599998474121094	57.70000076293945	59.0	142000.0	51.570159912109375
353	2017-04-19	60.400001525878906	59.0	59.0	59.79999923706055	120000.0	52.26941680908203
354	2017-04-20	59.70000076293945	58.900001525878906	59.29999923706055	59.20000076293945	98000.0	51.74497604370117
355	2017-04-21	60.5	59.5	59.5	60.400001525878906	135000.0	52.793861389160156
356	2017-04-24	60.400001525878906	59.5	59.599998474121094	59.900001525878906	84000.0	52.3568229675293
357	2017-04-25	59.900001525878906	58.29999923706055	59.900001525878906	59.79999923706055	91000.0	52.26941680908203
358	2017-04-26	60.0	59.20000076293945	59.20000076293945	59.5	19000.0	52.00719451904297
359	2017-04-27	59.70000076293945	58.70000076293945	59.599998474121094	59.20000076293945	53000.0	51.74497604370117
360	2017-04-28	59.900001525878906	58.0	58.79999923706055	59.900001525878906	142000.0	52.3568229675293
361	2017-05-02	60.099998474121094	58.79999923706055	60.099998474121094	59.900001525878906	95000.0	52.3568229675293
362	2017-05-03	60.099998474121094	58.5	60.099998474121094	58.79999923706055	139000.0	51.39533996582031
363	2017-05-04	58.70000076293945	58.400001525878906	58.599998474121094	58.599998474121094	64000.0	51.22053146362305
364	2017-05-05	58.70000076293945	57.0	58.29999923706055	57.5	126000.0	50.25905227661133
365	2017-05-08	58.099998474121094	56.20000076293945	58.099998474121094	56.5	137000.0	49.384979248046875
366	2017-05-09	57.79999923706055	56.599998474121094	56.599998474121094	57.5	204000.0	50.25905227661133
367	2017-05-10	58.5	56.0	56.5	58.5	146000.0	51.133121490478516
368	2017-05-11	58.5	56.5	58.5	57.0	186000.0	49.822017669677734
369	2017-05-12	57.0	53.29999923706055	56.79999923706055	56.0	309000.0	48.94794845581055
370	2017-05-15	55.599998474121094	53.599998474121094	55.29999923706055	54.5	268000.0	47.6368408203125
371	2017-05-16	55.0	53.5	54.5	53.70000076293945	147000.0	46.937583923339844
372	2017-05-17	54.79999923706055	53.099998474121094	53.400001525878906	54.5	233000.0	47.6368408203125
373	2017-05-18	55.0	53.20000076293945	54.5	55.0	133000.0	48.073875427246094
374	2017-05-19	55.5	54.5	55.29999923706055	55.29999923706055	135000.0	48.336097717285156
375	2017-05-22	55.5	54.599998474121094	55.5	54.79999923706055	72000.0	47.89906311035156
376	2017-05-23	55.0	54.29999923706055	54.79999923706055	54.900001525878906	100000.0	47.98646926879883
377	2017-05-24	55.29999923706055	54.79999923706055	55.20000076293945	55.20000076293945	107000.0	48.24869155883789
378	2017-05-25	55.20000076293945	55.0	55.099998474121094	55.0	9000.0	48.073875427246094
379	2017-05-26	55.5	54.0	54.599998474121094	55.5	76000.0	48.51091384887695
380	2017-05-31	55.5	54.70000076293945	55.5	54.70000076293945	40000.0	47.8116569519043
381	2017-06-01	55.0	54.099998474121094	55.0	54.79999923706055	59000.0	47.89906311035156
382	2017-06-02	54.70000076293945	54.29999923706055	54.5	54.5	29000.0	47.6368408203125
383	2017-06-05	54.70000076293945	54.099998474121094	54.70000076293945	54.70000076293945	36000.0	47.8116569519043
384	2017-06-06	54.70000076293945	54.0	54.70000076293945	54.29999923706055	73000.0	47.4620246887207
385	2017-06-07	54.400001525878906	53.400001525878906	54.099998474121094	54.20000076293945	64000.0	47.3746223449707
386	2017-06-08	54.400001525878906	53.599998474121094	54.0	54.0	36000.0	47.199806213378906
387	2017-06-09	54.20000076293945	53.099998474121094	54.20000076293945	54.099998474121094	57000.0	47.28721237182617
388	2017-06-12	53.900001525878906	53.400001525878906	53.599998474121094	53.79999923706055	22000.0	47.02499008178711
389	2017-06-13	53.79999923706055	51.900001525878906	53.400001525878906	52.79999923706055	217000.0	46.15092086791992
390	2017-06-14	53.0	50.0	52.79999923706055	51.20000076293945	524000.0	44.75240707397461
391	2017-06-15	50.900001525878906	50.0	50.29999923706055	50.900001525878906	100000.0	44.49018859863281
392	2017-06-16	51.5	50.70000076293945	51.099998474121094	50.900001525878906	115000.0	44.49018859863281
393	2017-06-19	51.400001525878906	50.599998474121094	51.400001525878906	50.79999923706055	57000.0	44.40277862548828
394	2017-06-20	50.900001525878906	50.29999923706055	50.900001525878906	50.70000076293945	81000.0	44.315372467041016
395	2017-06-21	50.79999923706055	50.20000076293945	50.400001525878906	50.400001525878906	56000.0	44.05315399169922
396	2017-06-22	50.70000076293945	50.29999923706055	50.29999923706055	50.5	14000.0	44.140560150146484
397	2017-06-23	50.79999923706055	50.20000076293945	50.79999923706055	50.599998474121094	26000.0	44.22796630859375
398	2017-06-26	50.79999923706055	50.5	50.79999923706055	50.70000076293945	27000.0	44.315372467041016
399	2017-06-27	50.70000076293945	50.099998474121094	50.5	50.70000076293945	93000.0	44.315372467041016
400	2017-06-28	50.599998474121094	49.400001525878906	50.599998474121094	50.400001525878906	108000.0	44.05315399169922
401	2017-06-29	50.599998474121094	50.099998474121094	50.099998474121094	50.599998474121094	34000.0	44.22796630859375
402	2017-06-30	50.599998474121094	50.099998474121094	50.599998474121094	50.599998474121094	42000.0	44.22796630859375
403	2017-07-03	50.70000076293945	50.20000076293945	50.599998474121094	50.20000076293945	50000.0	43.87833786010742
404	2017-07-04	50.5	50.20000076293945	50.400001525878906	50.5	18000.0	44.140560150146484
405	2017-07-05	50.70000076293945	50.099998474121094	50.099998474121094	50.599998474121094	34000.0	44.22796630859375
406	2017-07-06	50.70000076293945	50.20000076293945	50.599998474121094	50.599998474121094	38000.0	44.22796630859375
407	2017-07-07	51.099998474121094	50.5	50.599998474121094	50.79999923706055	70000.0	44.40277862548828
408	2017-07-10	51.0	50.400001525878906	50.599998474121094	51.0	22000.0	44.57759475708008
409	2017-07-11	51.0	50.20000076293945	50.79999923706055	51.0	58000.0	44.57759475708008
410	2017-07-12	51.0	50.29999923706055	51.0	50.900001525878906	46000.0	44.49018859863281
411	2017-07-13	50.79999923706055	50.29999923706055	50.599998474121094	50.599998474121094	57000.0	44.22796630859375
412	2017-07-14	50.70000076293945	48.79999923706055	50.70000076293945	50.20000076293945	67000.0	43.87833786010742
413	2017-07-17	50.5	50.099998474121094	50.20000076293945	50.099998474121094	49000.0	43.79092788696289
414	2017-07-18	50.400001525878906	50.099998474121094	50.29999923706055	50.400001525878906	21000.0	44.05315399169922
415	2017-07-19	50.400001525878906	50.20000076293945	50.400001525878906	50.400001525878906	31000.0	44.05315399169922
416	2017-07-20	50.5	50.20000076293945	50.20000076293945	50.400001525878906	27000.0	44.05315399169922
417	2017-07-21	50.70000076293945	50.400001525878906	50.70000076293945	50.400001525878906	21000.0	44.05315399169922
418	2017-07-24	50.70000076293945	50.400001525878906	50.400001525878906	50.400001525878906	15000.0	44.05315399169922
419	2017-07-25	50.29999923706055	50.20000076293945	50.29999923706055	50.29999923706055	17000.0	43.96574783325195
420	2017-07-26	51.20000076293945	50.29999923706055	50.29999923706055	51.0	92000.0	44.57759475708008
421	2017-07-27	54.20000076293945	51.20000076293945	51.400001525878906	54.20000076293945	276000.0	47.3746223449707
422	2017-07-28	56.400001525878906	54.599998474121094	54.900001525878906	55.20000076293945	565000.0	48.24869155883789
423	2017-07-31	56.0	55.29999923706055	55.5	55.29999923706055	181000.0	48.336097717285156
424	2017-08-01	55.29999923706055	54.70000076293945	55.29999923706055	54.70000076293945	112000.0	47.8116569519043
425	2017-08-02	55.5	54.79999923706055	54.79999923706055	55.29999923706055	57000.0	48.336097717285156
426	2017-08-03	55.900001525878906	55.099998474121094	55.900001525878906	55.5	50000.0	48.51091384887695
427	2017-08-04	55.900001525878906	54.599998474121094	55.900001525878906	55.0	141000.0	48.073875427246094
428	2017-08-07	55.0	54.0	54.79999923706055	54.599998474121094	144000.0	47.724246978759766
429	2017-08-08	54.900001525878906	54.099998474121094	54.20000076293945	54.900001525878906	80000.0	47.98646926879883
430	2017-08-09	54.599998474121094	54.099998474121094	54.29999923706055	54.29999923706055	71000.0	47.4620246887207
431	2017-08-10	53.29999923706055	49.70000076293945	53.29999923706055	50.599998474121094	463000.0	44.22796630859375
432	2017-08-11	51.5	50.599998474121094	50.599998474121094	51.099998474121094	121000.0	44.665000915527344
433	2017-08-14	51.5	49.70000076293945	51.5	50.5	152000.0	44.140560150146484
434	2017-08-15	50.79999923706055	49.70000076293945	50.5	50.70000076293945	95000.0	44.315372467041016
435	2017-08-16	52.70000076293945	50.70000076293945	50.70000076293945	52.599998474121094	191000.0	45.976104736328125
436	2017-08-17	55.0	52.099998474121094	52.599998474121094	54.0	169000.0	47.199806213378906
437	2017-08-18	55.0	53.20000076293945	53.20000076293945	54.20000076293945	215000.0	47.3746223449707
438	2017-08-21	55.099998474121094	53.79999923706055	54.29999923706055	54.0	273000.0	47.199806213378906
439	2017-08-22	54.70000076293945	53.29999923706055	54.099998474121094	53.900001525878906	227000.0	47.11240005493164
440	2017-08-23	54.099998474121094	53.5	53.599998474121094	53.79999923706055	130371.0	47.02499008178711
441	2017-08-24	51.5	50.599998474121094	50.599998474121094	51.20000076293945	100164.0	47.676822662353516
442	2017-08-25	51.900001525878906	51.0	51.900001525878906	51.29999923706055	59100.0	47.76993942260742
443	2017-08-28	51.79999923706055	51.29999923706055	51.400001525878906	51.599998474121094	21156.0	48.04929733276367
444	2017-08-29	51.599998474121094	50.79999923706055	51.099998474121094	51.0	50164.0	47.4905891418457
445	2017-08-30	51.0	50.400001525878906	51.0	50.400001525878906	19200.0	46.93187713623047
446	2017-08-31	51.29999923706055	50.400001525878906	50.5	51.20000076293945	64765.0	47.676822662353516
447	2017-09-01	51.79999923706055	51.0	51.70000076293945	51.20000076293945	68109.0	47.676822662353516
448	2017-09-04	51.29999923706055	50.79999923706055	50.79999923706055	50.900001525878906	24000.0	47.39746856689453
449	2017-09-05	51.29999923706055	50.5	51.20000076293945	50.70000076293945	44319.0	47.21123123168945
450	2017-09-06	50.599998474121094	50.20000076293945	50.5	50.599998474121094	47017.0	47.118106842041016
451	2017-09-07	50.599998474121094	50.099998474121094	50.599998474121094	50.20000076293945	50274.0	46.745635986328125
452	2017-09-08	50.79999923706055	50.20000076293945	50.599998474121094	50.70000076293945	49173.0	47.21123123168945
453	2017-09-11	50.5	50.099998474121094	50.5	50.20000076293945	79101.0	46.745635986328125
454	2017-09-12	50.79999923706055	50.20000076293945	50.79999923706055	50.20000076293945	47000.0	46.745635986328125
455	2017-09-13	50.400001525878906	48.599998474121094	50.099998474121094	50.400001525878906	104080.0	46.93187713623047
456	2017-09-14	50.400001525878906	49.849998474121094	50.400001525878906	50.400001525878906	34000.0	46.93187713623047
457	2017-09-15	50.900001525878906	49.95000076293945	50.400001525878906	49.95000076293945	56010.0	46.51283645629883
458	2017-09-18	50.20000076293945	49.599998474121094	49.849998474121094	49.599998474121094	52102.0	46.186920166015625
459	2017-09-19	49.79999923706055	49.5	49.650001525878906	49.54999923706055	38508.0	46.14036178588867
460	2017-09-20	49.5	48.70000076293945	49.400001525878906	49.0	52903.0	45.628211975097656
461	2017-09-21	48.75	47.70000076293945	48.75	48.04999923706055	151100.0	44.74357986450195
462	2017-09-22	48.29999923706055	47.70000076293945	48.29999923706055	48.0	78227.0	44.697025299072266
463	2017-09-25	48.04999923706055	46.29999923706055	48.04999923706055	46.599998474121094	89300.0	43.39336013793945
464	2017-09-26	46.75	46.099998474121094	46.099998474121094	46.099998474121094	89000.0	42.927764892578125
465	2017-09-27	46.29999923706055	45.54999923706055	46.099998474121094	45.54999923706055	100000.0	42.415611267089844
466	2017-09-28	45.599998474121094	45.0	45.599998474121094	45.0	73000.0	41.90345764160156
467	2017-09-29	45.0	44.29999923706055	45.0	44.5	46000.0	41.437862396240234
468	2017-10-02	46.349998474121094	45.599998474121094	45.849998474121094	46.0	51220.0	42.83464813232422
469	2017-10-03	48.0	46.099998474121094	46.099998474121094	46.599998474121094	60000.0	43.39336013793945
470	2017-10-05	47.400001525878906	46.95000076293945	47.29999923706055	47.099998474121094	23100.0	43.858951568603516
471	2017-10-06	47.650001525878906	47.099998474121094	47.20000076293945	47.25	31574.0	43.998634338378906
472	2017-10-11	47.25	46.45000076293945	47.25	46.45000076293945	6018.0	43.25368118286133
473	2017-10-12	46.79999923706055	46.099998474121094	46.45000076293945	46.70000076293945	21152.0	43.486480712890625
474	2017-10-13	46.20000076293945	45.849998474121094	46.20000076293945	45.849998474121094	17002.0	42.69496536254883
475	2017-10-16	46.54999923706055	45.849998474121094	45.849998474121094	46.5	19000.0	43.30023956298828
476	2017-10-17	46.5	45.95000076293945	45.95000076293945	46.400001525878906	14000.0	43.207122802734375
477	2017-10-18	46.04999923706055	45.599998474121094	46.04999923706055	46.0	17004.0	42.83464813232422
478	2017-10-19	46.25	45.599998474121094	46.25	46.04999923706055	47068.0	42.88120651245117
479	2017-10-20	46.04999923706055	45.150001525878906	46.04999923706055	45.95000076293945	20365.0	42.788089752197266
480	2017-10-23	46.70000076293945	45.95000076293945	45.95000076293945	46.70000076293945	30000.0	43.486480712890625
481	2017-10-24	46.70000076293945	46.5	46.5	46.599998474121094	15000.0	43.39336013793945
482	2017-10-25	46.650001525878906	46.5	46.599998474121094	46.599998474121094	21001.0	43.39336013793945
483	2017-10-26	46.650001525878906	46.20000076293945	46.349998474121094	46.650001525878906	31000.0	43.43992233276367
484	2017-10-27	46.599998474121094	45.650001525878906	46.599998474121094	46.0	26000.0	42.83464813232422
485	2017-10-30	46.0	44.099998474121094	45.599998474121094	46.0	48000.0	42.83464813232422
486	2017-10-31	46.0	45.0	45.5	46.0	77000.0	42.83464813232422
487	2017-11-01	46.0	45.400001525878906	46.0	45.79999923706055	13000.0	42.648406982421875
488	2017-11-02	46.95000076293945	45.79999923706055	45.79999923706055	46.29999923706055	70000.0	43.1140022277832
489	2017-11-03	49.0	45.5	46.599998474121094	48.0	359000.0	44.697025299072266
490	2017-11-06	49.45000076293945	48.650001525878906	48.70000076293945	49.29999923706055	225500.0	45.90756607055664
491	2017-11-07	50.0	48.75	49.29999923706055	49.5	223100.0	46.09380340576172
492	2017-11-08	49.099998474121094	47.70000076293945	49.0	48.95000076293945	65184.0	45.5816535949707
493	2017-11-09	49.75	47.5	48.400001525878906	49.20000076293945	90000.0	45.814449310302734
494	2017-11-10	49.54999923706055	48.0	49.54999923706055	48.95000076293945	35010.0	45.5816535949707
495	2017-11-13	48.75	47.79999923706055	48.5	47.849998474121094	38000.0	44.557342529296875
496	2017-11-14	51.599998474121094	47.5	48.75	48.0	151000.0	44.697025299072266
497	2017-11-15	48.29999923706055	47.29999923706055	48.0	47.79999923706055	15190.0	44.51078414916992
498	2017-11-16	47.599998474121094	47.29999923706055	47.5	47.29999923706055	38200.0	44.04519271850586
499	2017-11-17	48.5	47.099998474121094	47.5	47.25	63066.0	43.998634338378906
500	2017-11-20	47.150001525878906	46.54999923706055	47.0	46.54999923706055	41210.0	43.3468017578125
501	2017-11-21	46.54999923706055	46.04999923706055	46.54999923706055	46.04999923706055	47000.0	42.88120651245117
502	2017-11-22	46.5	45.79999923706055	46.20000076293945	46.0	127010.0	42.83464813232422
503	2017-11-23	47.20000076293945	45.599998474121094	47.20000076293945	45.79999923706055	38000.0	42.648406982421875
504	2017-11-24	46.0	45.5	45.599998474121094	45.599998474121094	112000.0	42.4621696472168
505	2017-11-27	46.099998474121094	45.599998474121094	45.70000076293945	45.79999923706055	30026.0	42.648406982421875
506	2017-11-28	46.0	45.599998474121094	45.79999923706055	45.599998474121094	54123.0	42.4621696472168
507	2017-11-29	45.70000076293945	45.5	45.599998474121094	45.5	30001.0	42.369049072265625
508	2017-11-30	45.54999923706055	45.5	45.5	45.5	10100.0	42.369049072265625
509	2017-12-01	45.599998474121094	45.45000076293945	45.5	45.54999923706055	21000.0	42.415611267089844
510	2017-12-04	46.0	45.54999923706055	45.54999923706055	45.54999923706055	20137.0	42.415611267089844
511	2017-12-05	45.5	45.150001525878906	45.5	45.5	18019.0	42.369049072265625
512	2017-12-06	45.5	45.099998474121094	45.5	45.099998474121094	40000.0	41.99657440185547
513	2017-12-07	46.79999923706055	44.650001525878906	45.099998474121094	46.79999923706055	45400.0	43.579593658447266
514	2017-12-08	46.79999923706055	46.099998474121094	46.79999923706055	46.79999923706055	49001.0	43.579593658447266
515	2017-12-11	47.0	46.599998474121094	47.0	46.75	14000.0	43.53303527832031
516	2017-12-12	46.70000076293945	46.0	46.70000076293945	46.70000076293945	14000.0	43.486480712890625
517	2017-12-13	46.54999923706055	46.099998474121094	46.20000076293945	46.5	28002.0	43.30023956298828
518	2017-12-14	46.5	46.20000076293945	46.5	46.20000076293945	6001.0	43.02088165283203
519	2017-12-15	46.150001525878906	45.650001525878906	46.150001525878906	45.900001525878906	12001.0	42.74153137207031
520	2017-12-18	47.900001525878906	46.099998474121094	46.400001525878906	46.099998474121094	40003.0	42.927764892578125
521	2017-12-19	46.099998474121094	45.900001525878906	46.099998474121094	46.04999923706055	21000.0	42.88120651245117
522	2017-12-20	46.95000076293945	46.099998474121094	46.95000076293945	46.25	20002.0	43.06744384765625
523	2017-12-21	46.849998474121094	46.20000076293945	46.849998474121094	46.20000076293945	10200.0	43.02088165283203
524	2017-12-22	46.400001525878906	46.0	46.0	46.400001525878906	12000.0	43.207122802734375
525	2017-12-25	46.849998474121094	46.20000076293945	46.20000076293945	46.79999923706055	53001.0	43.579593658447266
526	2017-12-26	47.20000076293945	46.25	46.79999923706055	47.20000076293945	32000.0	43.95207214355469
527	2017-12-27	47.70000076293945	47.099998474121094	47.099998474121094	47.599998474121094	27000.0	44.324546813964844
528	2017-12-28	47.900001525878906	47.29999923706055	47.900001525878906	47.75	34000.0	44.46422576904297
529	2017-12-29	47.79999923706055	47.25	47.79999923706055	47.599998474121094	48000.0	44.324546813964844
530	2018-01-02	48.45000076293945	47.349998474121094	48.45000076293945	47.349998474121094	60000.0	44.09175109863281
531	2018-01-03	47.20000076293945	44.099998474121094	46.900001525878906	44.099998474121094	212100.0	41.06538772583008
532	2018-01-04	45.70000076293945	44.599998474121094	44.849998474121094	45.70000076293945	58010.0	42.55529022216797
533	2018-01-05	47.0	45.849998474121094	45.849998474121094	46.95000076293945	75000.0	43.719276428222656
534	2018-01-08	47.0	45.099998474121094	47.0	45.099998474121094	54000.0	41.99657440185547
535	2018-01-09	46.04999923706055	45.0	45.5	45.099998474121094	70049.0	41.99657440185547
536	2018-01-10	45.20000076293945	45.150001525878906	45.150001525878906	45.150001525878906	23045.0	42.04313659667969
537	2018-01-11	45.70000076293945	45.150001525878906	45.20000076293945	45.20000076293945	26150.0	42.089698791503906
538	2018-01-12	45.349998474121094	45.20000076293945	45.20000076293945	45.349998474121094	5000.0	42.229373931884766
539	2018-01-15	45.5	45.400001525878906	45.400001525878906	45.5	4000.0	42.369049072265625
540	2018-01-16	45.900001525878906	45.349998474121094	45.349998474121094	45.900001525878906	28004.0	42.74153137207031
541	2018-01-17	46.900001525878906	45.5	45.5	46.70000076293945	22000.0	43.486480712890625
542	2018-01-18	46.5	46.099998474121094	46.5	46.29999923706055	29776.0	43.1140022277832
543	2018-01-19	46.54999923706055	45.70000076293945	45.79999923706055	46.150001525878906	45193.0	42.97432327270508
544	2018-01-22	46.45000076293945	45.54999923706055	46.150001525878906	46.099998474121094	32000.0	42.927764892578125
545	2018-01-23	46.599998474121094	45.70000076293945	46.20000076293945	46.0	25000.0	42.83464813232422
546	2018-01-24	46.5	45.5	45.70000076293945	46.5	37727.0	43.30023956298828
547	2018-01-25	46.79999923706055	45.79999923706055	46.04999923706055	46.79999923706055	43002.0	43.579593658447266
548	2018-01-26	46.75	45.5	46.29999923706055	45.5	91001.0	42.369049072265625
549	2018-01-29	45.599998474121094	45.0	45.599998474121094	45.04999923706055	69003.0	41.950016021728516
550	2018-01-30	45.04999923706055	44.54999923706055	45.04999923706055	44.54999923706055	57001.0	41.48442459106445
551	2018-01-31	45.0	44.400001525878906	44.54999923706055	44.400001525878906	60002.0	41.34474563598633
552	2018-02-01	45.0	44.400001525878906	44.400001525878906	44.54999923706055	30017.0	41.48442459106445
553	2018-02-02	44.5	44.29999923706055	44.5	44.45000076293945	24040.0	41.39130401611328
554	2018-02-05	44.20000076293945	44.0	44.20000076293945	44.0	30000.0	40.97227096557617
555	2018-02-06	44.75	42.20000076293945	44.0	42.20000076293945	80000.0	39.29613494873047
556	2018-02-07	44.0	43.400001525878906	44.0	43.5	21601.0	40.50667953491211
557	2018-02-08	43.70000076293945	43.70000076293945	43.70000076293945	43.70000076293945	2000.0	40.69291305541992
558	2018-02-09	42.0	39.849998474121094	39.849998474121094	41.599998474121094	37000.0	38.73741912841797
559	2018-02-12	41.95000076293945	41.0	41.5	41.70000076293945	33000.0	38.83053970336914
560	2018-02-21	43.0	41.70000076293945	41.70000076293945	43.0	18200.0	40.041080474853516
561	2018-02-22	44.04999923706055	43.04999923706055	43.900001525878906	43.29999923706055	11000.0	40.320438385009766
562	2018-02-23	44.70000076293945	43.150001525878906	44.70000076293945	43.150001525878906	44000.0	40.180763244628906
563	2018-02-26	43.5	43.04999923706055	43.45000076293945	43.04999923706055	21000.0	40.08763885498047
564	2018-02-27	43.900001525878906	43.0	43.5	43.0	19000.0	40.041080474853516
565	2018-03-01	43.45000076293945	42.95000076293945	43.099998474121094	43.400001525878906	9000.0	40.41355895996094
566	2018-03-02	43.20000076293945	42.79999923706055	43.20000076293945	42.79999923706055	24000.0	39.8548469543457
567	2018-03-05	43.400001525878906	42.79999923706055	43.0	43.400001525878906	9000.0	40.41355895996094
568	2018-03-06	44.0	43.5	44.0	43.5	10000.0	40.50667953491211
569	2018-03-07	43.900001525878906	43.5	43.70000076293945	43.5	10000.0	40.50667953491211
570	2018-03-08	44.79999923706055	43.650001525878906	44.79999923706055	43.650001525878906	14000.0	40.64635467529297
571	2018-03-09	44.0	43.650001525878906	43.650001525878906	44.0	3067.0	40.97227096557617
572	2018-03-12	44.0	43.20000076293945	43.20000076293945	44.0	10000.0	40.97227096557617
573	2018-03-13	46.0	44.0	44.099998474121094	46.0	114135.0	42.83464813232422
574	2018-03-14	47.79999923706055	46.29999923706055	46.29999923706055	47.0	137289.0	43.76583480834961
575	2018-03-15	48.0	47.0	47.0	47.099998474121094	111000.0	43.858951568603516
576	2018-03-16	46.70000076293945	45.5	46.04999923706055	46.5	41000.0	43.30023956298828
577	2018-03-19	46.5	45.25	46.5	45.400001525878906	81189.0	42.275936126708984
578	2018-03-20	46.0	45.400001525878906	45.900001525878906	45.400001525878906	29000.0	42.275936126708984
579	2018-03-21	45.95000076293945	45.0	45.900001525878906	45.20000076293945	36001.0	42.089698791503906
580	2018-03-22	45.5	44.599998474121094	45.5	44.599998474121094	49000.0	41.530982971191406
581	2018-03-23	44.150001525878906	42.650001525878906	44.150001525878906	43.0	54000.0	40.041080474853516
582	2018-03-26	43.0	42.45000076293945	42.45000076293945	42.599998474121094	21000.0	39.66860580444336
583	2018-03-27	43.5	42.849998474121094	42.849998474121094	43.5	16000.0	40.50667953491211
584	2018-03-28	43.099998474121094	42.20000076293945	43.099998474121094	42.349998474121094	17000.0	39.43581008911133
585	2018-03-29	43.0	42.599998474121094	43.0	42.599998474121094	8000.0	39.66860580444336
586	2018-03-30	42.650001525878906	42.20000076293945	42.599998474121094	42.20000076293945	15000.0	39.29613494873047
587	2018-04-02	41.5	41.0	41.5	41.0	17000.0	38.178707122802734
588	2018-04-03	41.0	40.5	40.599998474121094	41.0	14000.0	38.178707122802734
589	2018-04-09	41.0	40.95000076293945	41.0	41.0	7000.0	38.178707122802734
590	2018-04-10	41.45000076293945	41.29999923706055	41.400001525878906	41.45000076293945	18072.0	38.59774398803711
591	2018-04-11	41.45000076293945	40.400001525878906	41.20000076293945	40.95000076293945	30000.0	38.13214874267578
592	2018-04-12	41.0	39.79999923706055	40.5	39.900001525878906	52001.0	37.15439987182617
593	2018-04-13	40.650001525878906	40.0	40.650001525878906	40.04999923706055	30100.0	37.29407501220703
594	2018-04-16	40.70000076293945	40.04999923706055	40.400001525878906	40.45000076293945	58000.0	37.66655731201172
595	2018-04-17	40.54999923706055	39.900001525878906	40.54999923706055	39.900001525878906	31001.0	37.15439987182617
596	2018-04-18	40.349998474121094	39.900001525878906	40.20000076293945	40.29999923706055	24000.0	37.52687454223633
597	2018-04-19	40.25	39.599998474121094	39.900001525878906	39.79999923706055	35000.0	37.061283111572266
598	2018-04-20	40.29999923706055	39.79999923706055	39.79999923706055	39.849998474121094	14512.0	37.10784149169922
599	2018-04-23	40.5	40.0	40.29999923706055	40.0	11002.0	37.24751663208008
600	2018-04-24	40.0	38.099998474121094	40.0	38.099998474121094	57000.0	35.4782600402832
601	2018-04-25	38.04999923706055	36.25	38.04999923706055	36.5	112000.0	33.98836135864258
602	2018-04-26	36.5	32.849998474121094	36.099998474121094	32.849998474121094	278104.0	30.589523315429688
603	2018-04-27	33.79999923706055	33.349998474121094	33.79999923706055	33.400001525878906	98667.0	31.101680755615234
604	2018-04-30	34.54999923706055	33.849998474121094	33.900001525878906	34.54999923706055	70004.0	32.172542572021484
605	2018-05-02	35.0	34.29999923706055	34.29999923706055	34.5	43326.0	32.12598419189453
606	2018-05-03	35.45000076293945	34.349998474121094	34.5	35.0	41000.0	32.59157943725586
607	2018-05-04	35.75	35.349998474121094	35.5	35.650001525878906	26000.0	33.19685363769531
608	2018-05-07	36.0	35.5	36.0	35.5	24300.0	33.05717086791992
609	2018-05-08	35.70000076293945	35.70000076293945	35.70000076293945	35.70000076293945	14000.0	33.243412017822266
610	2018-05-09	36.70000076293945	35.25	36.70000076293945	35.349998474121094	43000.0	32.91749572753906
611	2018-05-10	35.900001525878906	35.5	35.5	35.5	19000.0	33.05717086791992
612	2018-05-11	37.0	35.650001525878906	36.900001525878906	36.04999923706055	54001.0	33.56932830810547
613	2018-05-14	36.70000076293945	36.70000076293945	36.70000076293945	36.70000076293945	1003.0	34.17460250854492
614	2018-05-15	36.45000076293945	34.099998474121094	34.099998474121094	36.400001525878906	27101.0	33.89524459838867
615	2018-05-16	36.400001525878906	35.599998474121094	36.400001525878906	36.04999923706055	24000.0	33.56932830810547
616	2018-05-17	36.099998474121094	35.04999923706055	36.099998474121094	35.70000076293945	13303.0	33.243412017822266
617	2018-05-18	35.599998474121094	35.20000076293945	35.20000076293945	35.5	19000.0	33.05717086791992
618	2018-05-21	35.75	35.150001525878906	35.150001525878906	35.75	3100.0	33.28997039794922
619	2018-05-22	35.75	35.0	35.29999923706055	35.099998474121094	23000.0	32.684696197509766
620	2018-05-23	35.599998474121094	35.099998474121094	35.099998474121094	35.099998474121094	5000.0	32.684696197509766
621	2018-05-24	35.349998474121094	34.79999923706055	34.900001525878906	35.20000076293945	9000.0	32.77781677246094
622	2018-05-25	35.849998474121094	35.75	35.849998474121094	35.75	2000.0	33.28997039794922
623	2018-05-28	35.75	35.29999923706055	35.70000076293945	35.29999923706055	18088.0	32.87093734741211
624	2018-05-29	35.349998474121094	35.29999923706055	35.29999923706055	35.29999923706055	7000.0	32.87093734741211
625	2018-05-30	35.650001525878906	34.650001525878906	34.650001525878906	35.29999923706055	8001.0	32.87093734741211
626	2018-05-31	35.599998474121094	35.150001525878906	35.5	35.150001525878906	26000.0	32.731258392333984
627	2018-06-01	35.70000076293945	35.20000076293945	35.349998474121094	35.20000076293945	38000.0	32.77781677246094
628	2018-06-04	36.400001525878906	35.5	35.5	36.29999923706055	47000.0	33.802120208740234
629	2018-06-05	36.5	35.900001525878906	36.29999923706055	36.29999923706055	62000.0	33.802120208740234
630	2018-06-06	36.29999923706055	36.20000076293945	36.29999923706055	36.29999923706055	18000.0	33.802120208740234
631	2018-06-07	36.400001525878906	36.0	36.29999923706055	36.0	30000.0	33.522769927978516
632	2018-06-08	35.900001525878906	35.79999923706055	35.900001525878906	35.79999923706055	26000.0	33.33652877807617
633	2018-06-11	36.29999923706055	35.900001525878906	35.900001525878906	36.29999923706055	27009.0	33.802120208740234
634	2018-06-12	36.5	36.099998474121094	36.29999923706055	36.150001525878906	21213.0	33.662445068359375
635	2018-06-13	39.75	37.5	37.5	39.75	384298.0	37.01472473144531
636	2018-06-14	43.70000076293945	39.0	39.75	43.70000076293945	613305.0	40.69291305541992
637	2018-06-15	46.70000076293945	40.79999923706055	44.150001525878906	43.0	607005.0	40.041080474853516
638	2018-06-19	42.349998474121094	39.04999923706055	42.349998474121094	39.04999923706055	213373.0	36.362892150878906
639	2018-06-20	41.25	39.150001525878906	39.150001525878906	39.599998474121094	132000.0	36.87504196166992
640	2018-06-21	40.0	39.0	39.599998474121094	39.20000076293945	123000.0	36.50257110595703
641	2018-06-22	39.25	38.099998474121094	39.25	38.54999923706055	79000.0	35.89729690551758
642	2018-06-25	39.0	38.04999923706055	38.54999923706055	38.79999923706055	75000.0	36.13009262084961
643	2018-06-26	38.849998474121094	37.79999923706055	38.849998474121094	37.79999923706055	60075.0	35.19890594482422
644	2018-06-27	38.5	38.0	38.0	38.0	65200.0	35.38513946533203
645	2018-06-28	39.70000076293945	38.150001525878906	38.20000076293945	38.5	60393.0	35.850738525390625
646	2018-06-29	39.0	38.70000076293945	38.70000076293945	39.0	28000.0	36.31632995605469
647	2018-07-02	40.0	39.099998474121094	40.0	39.29999923706055	34000.0	36.59568405151367
648	2018-07-03	39.900001525878906	38.54999923706055	39.900001525878906	38.599998474121094	43243.0	35.943851470947266
649	2018-07-04	41.400001525878906	38.599998474121094	41.400001525878906	38.70000076293945	27000.0	36.03697204589844
650	2018-07-05	39.5	38.0	38.79999923706055	38.0	52000.0	35.38513946533203
651	2018-07-06	38.70000076293945	38.04999923706055	38.29999923706055	38.29999923706055	47000.0	35.66449737548828
652	2018-07-09	39.0	38.20000076293945	39.0	38.349998474121094	24000.0	35.711055755615234
653	2018-07-10	38.75	38.099998474121094	38.70000076293945	38.29999923706055	20000.0	35.66449737548828
654	2018-07-11	38.25	38.20000076293945	38.25	38.20000076293945	16000.0	35.571380615234375
655	2018-07-12	38.20000076293945	38.0	38.20000076293945	38.0	21000.0	35.38513946533203
656	2018-07-13	39.0	38.29999923706055	38.400001525878906	38.79999923706055	28000.0	36.13009262084961
657	2018-07-16	38.54999923706055	38.099998474121094	38.54999923706055	38.150001525878906	24000.0	35.52482223510742
658	2018-07-17	38.0	37.599998474121094	38.0	37.79999923706055	27100.0	35.19890594482422
659	2018-07-18	38.70000076293945	37.599998474121094	37.900001525878906	38.70000076293945	38000.0	36.03697204589844
660	2018-07-19	38.79999923706055	37.900001525878906	38.79999923706055	37.900001525878906	18082.0	35.29202651977539
661	2018-07-20	38.0	37.599998474121094	37.900001525878906	37.599998474121094	34000.0	35.012664794921875
662	2018-07-23	37.599998474121094	37.150001525878906	37.599998474121094	37.150001525878906	16000.0	34.59363555908203
663	2018-07-24	37.45000076293945	37.099998474121094	37.45000076293945	37.150001525878906	24000.0	34.59363555908203
664	2018-07-25	37.5	37.099998474121094	37.5	37.29999923706055	32000.0	34.73331069946289
665	2018-07-26	37.599998474121094	37.29999923706055	37.599998474121094	37.29999923706055	27000.0	34.73331069946289
666	2018-07-27	37.849998474121094	37.349998474121094	37.349998474121094	37.599998474121094	30006.0	35.012664794921875
667	2018-07-30	37.95000076293945	37.70000076293945	37.70000076293945	37.75	56005.0	35.152347564697266
668	2018-07-31	37.95000076293945	37.79999923706055	37.95000076293945	37.95000076293945	18000.0	35.338584899902344
669	2018-08-01	38.099998474121094	37.849998474121094	38.099998474121094	37.900001525878906	16000.0	35.29202651977539
670	2018-08-02	38.20000076293945	38.0	38.099998474121094	38.0	32000.0	35.38513946533203
671	2018-08-03	38.849998474121094	37.95000076293945	37.95000076293945	38.5	31197.0	35.850738525390625
672	2018-08-06	38.349998474121094	38.04999923706055	38.150001525878906	38.099998474121094	17000.0	35.4782600402832
673	2018-08-07	40.0	38.099998474121094	40.0	38.099998474121094	51000.0	35.4782600402832
674	2018-08-08	38.099998474121094	37.599998474121094	37.599998474121094	38.04999923706055	31240.0	35.43170166015625
675	2018-08-09	38.25	37.70000076293945	37.70000076293945	37.79999923706055	20000.0	35.19890594482422
676	2018-08-10	37.95000076293945	37.70000076293945	37.75	37.70000076293945	14002.0	35.10578918457031
677	2018-08-13	37.70000076293945	36.20000076293945	37.70000076293945	36.70000076293945	82000.0	34.17460250854492
678	2018-08-14	36.70000076293945	35.650001525878906	36.0	36.20000076293945	29000.0	33.70900344848633
679	2018-08-15	38.45000076293945	36.20000076293945	36.20000076293945	37.099998474121094	37000.0	34.54707336425781
680	2018-08-16	37.849998474121094	36.5	36.5	36.599998474121094	21000.0	34.081478118896484
681	2018-08-17	37.400001525878906	35.400001525878906	37.400001525878906	35.79999923706055	42000.0	33.33652877807617
682	2018-08-20	36.650001525878906	35.5	35.849998474121094	35.5	31000.0	33.05717086791992
683	2018-08-21	36.20000076293945	35.5	36.20000076293945	35.5	14000.0	33.05717086791992
684	2018-08-22	35.5	35.400001525878906	35.5	35.45000076293945	26008.0	33.01061248779297
685	2018-08-23	35.45000076293945	35.20000076293945	35.25	35.349998474121094	37113.0	32.91749572753906
686	2018-08-24	34.849998474121094	33.400001525878906	34.849998474121094	33.400001525878906	40101.0	32.47989273071289
687	2018-08-27	33.599998474121094	32.70000076293945	33.29999923706055	33.599998474121094	16001.0	32.67437744140625
688	2018-08-28	33.54999923706055	32.79999923706055	33.5	32.79999923706055	31000.0	31.89641761779785
689	2018-08-29	33.29999923706055	32.70000076293945	33.29999923706055	32.79999923706055	54000.0	31.89641761779785
690	2018-08-30	33.0	32.79999923706055	33.0	32.79999923706055	30000.0	31.89641761779785
691	2018-08-31	32.79999923706055	32.70000076293945	32.70000076293945	32.75	15000.0	31.847797393798828
692	2018-09-03	32.70000076293945	32.0	32.599998474121094	32.0	36000.0	31.118457794189453
693	2018-09-04	33.0	31.799999237060547	32.04999923706055	32.900001525878906	35001.0	31.99366569519043
694	2018-09-05	33.5	32.900001525878906	32.900001525878906	33.20000076293945	27150.0	32.285400390625
695	2018-09-06	33.29999923706055	32.599998474121094	33.20000076293945	33.20000076293945	48000.0	32.285400390625
696	2018-09-07	33.400001525878906	32.29999923706055	33.29999923706055	32.45000076293945	31000.0	31.556062698364258
697	2018-09-10	32.70000076293945	29.25	32.70000076293945	31.5	105630.0	30.632232666015625
698	2018-09-11	31.200000762939453	30.0	31.0	30.850000381469727	54000.0	30.000139236450195
699	2018-09-12	31.5	30.850000381469727	31.5	30.950000762939453	30000.0	30.097383499145508
700	2018-09-13	31.950000762939453	30.850000381469727	31.0	31.950000762939453	39000.0	31.069835662841797
701	2018-09-14	32.5	31.600000381469727	32.5	31.700000762939453	26000.0	30.826723098754883
702	2018-09-17	31.399999618530273	31.100000381469727	31.399999618530273	31.200000762939453	17001.0	30.340497970581055
703	2018-09-18	31.049999237060547	29.450000762939453	31.049999237060547	29.700000762939453	141100.0	28.881818771362305
704	2018-09-19	30.649999618530273	29.799999237060547	29.799999237060547	30.149999618530273	81000.0	29.319421768188477
705	2018-09-20	30.799999237060547	30.100000381469727	30.25	30.75	51000.0	29.90289306640625
706	2018-09-21	30.799999237060547	30.5	30.799999237060547	30.5	34000.0	29.659780502319336
707	2018-09-25	31.0	30.200000762939453	30.200000762939453	30.600000381469727	40003.0	29.75702476501465
708	2018-09-26	31.25	31.0	31.25	31.0	19003.0	30.146005630493164
709	2018-09-27	31.0	30.75	31.0	30.799999237060547	20000.0	29.951515197753906
710	2018-09-28	31.950000762939453	30.700000762939453	31.950000762939453	30.75	34000.0	29.90289306640625
711	2018-10-01	31.100000381469727	30.75	30.75	30.799999237060547	34005.0	29.951515197753906
712	2018-10-02	31.799999237060547	30.75	31.799999237060547	30.799999237060547	33000.0	29.951515197753906
713	2018-10-03	30.649999618530273	30.100000381469727	30.649999618530273	30.100000381469727	29000.0	29.27079963684082
714	2018-10-04	30.5	30.0	30.5	30.049999237060547	23000.0	29.22217559814453
715	2018-10-05	30.549999237060547	29.100000381469727	30.549999237060547	29.100000381469727	22000.0	28.29834747314453
716	2018-10-08	29.399999618530273	29.100000381469727	29.100000381469727	29.299999237060547	33000.0	28.49283790588379
717	2018-10-09	29.899999618530273	29.299999237060547	29.399999618530273	29.299999237060547	23000.0	28.49283790588379
718	2018-10-11	29.799999237060547	26.399999618530273	29.799999237060547	26.399999618530273	96000.0	25.672727584838867
719	2018-10-12	25.850000381469727	24.75	25.0	25.299999237060547	166000.0	24.603029251098633
720	2018-10-15	25.350000381469727	25.0	25.299999237060547	25.049999237060547	23000.0	24.35991668701172
721	2018-10-16	25.850000381469727	25.299999237060547	25.299999237060547	25.75	14000.0	25.040634155273438
722	2018-10-17	26.299999237060547	25.899999618530273	25.899999618530273	26.100000381469727	16000.0	25.380992889404297
723	2018-10-18	26.25	26.0	26.100000381469727	26.200000762939453	13000.0	25.47823715209961
724	2018-10-19	26.200000762939453	25.700000762939453	26.0	26.200000762939453	18020.0	25.47823715209961
725	2018-10-22	26.799999237060547	26.200000762939453	26.200000762939453	26.399999618530273	30003.0	25.672727584838867
726	2018-10-23	26.899999618530273	26.450000762939453	26.600000381469727	26.799999237060547	49000.0	26.061708450317383
727	2018-10-24	27.799999237060547	27.200000762939453	27.299999237060547	27.200000762939453	55108.0	26.4506893157959
728	2018-10-25	27.200000762939453	25.5	26.399999618530273	27.200000762939453	41000.0	26.4506893157959
729	2018-10-26	27.700000762939453	26.700000762939453	27.049999237060547	26.799999237060547	35000.0	26.061708450317383
730	2018-10-29	27.700000762939453	26.5	26.5	27.700000762939453	47000.0	26.93691635131836
731	2018-10-30	27.100000381469727	26.649999618530273	27.049999237060547	26.700000762939453	27000.0	25.96446418762207
732	2018-10-31	27.350000381469727	26.299999237060547	26.299999237060547	26.799999237060547	29000.0	26.061708450317383
733	2018-11-01	27.75	26.799999237060547	26.799999237060547	27.75	47000.0	26.985538482666016
734	2018-11-02	28.25	27.649999618530273	28.0	28.0	37000.0	27.22865104675293
735	2018-11-05	29.450000762939453	28.149999618530273	29.450000762939453	29.100000381469727	19010.0	28.29834747314453
736	2018-11-06	29.100000381469727	29.100000381469727	29.100000381469727	29.100000381469727	0.0	28.29834747314453
737	2018-11-07	30.5	29.049999237060547	29.049999237060547	30.5	31000.0	29.659780502319336
738	2018-11-08	30.649999618530273	30.0	30.0	30.649999618530273	15000.0	29.805646896362305
739	2018-11-09	30.649999618530273	29.549999237060547	30.0	30.600000381469727	21000.0	29.75702476501465
740	2018-11-12	30.350000381469727	30.0	30.200000762939453	30.0	23000.0	29.173553466796875
741	2018-11-13	30.0	30.0	30.0	30.0	0.0	29.173553466796875
742	2018-11-14	30.649999618530273	28.799999237060547	30.649999618530273	28.799999237060547	19034.0	28.006610870361328
743	2018-11-15	28.950000762939453	28.25	28.25	28.5	4000.0	27.714876174926758
744	2018-11-16	29.149999618530273	28.350000381469727	28.5	28.549999237060547	9000.0	27.763498306274414
745	2018-11-19	28.950000762939453	28.100000381469727	28.450000762939453	28.100000381469727	20000.0	27.325895309448242
746	2018-11-20	28.0	27.799999237060547	28.0	28.0	8000.0	27.22865104675293
747	2018-11-21	28.399999618530273	28.0	28.0	28.399999618530273	6000.0	27.617630004882812
748	2018-11-22	28.75	28.100000381469727	28.75	28.100000381469727	7050.0	27.325895309448242
749	2018-11-23	28.100000381469727	28.100000381469727	28.100000381469727	28.100000381469727	0.0	27.325895309448242
750	2018-11-26	28.299999237060547	28.049999237060547	28.299999237060547	28.25	15004.0	27.471763610839844
751	2018-11-27	29.600000381469727	28.0	28.0	29.399999618530273	20000.0	28.5900821685791
752	2018-11-28	30.75	28.75	28.75	30.75	23000.0	29.90289306640625
753	2018-11-29	31.100000381469727	30.100000381469727	30.799999237060547	30.75	95000.0	29.90289306640625
754	2018-11-30	30.75	30.299999237060547	30.75	30.299999237060547	11000.0	29.465288162231445
755	2018-12-03	31.799999237060547	30.299999237060547	31.799999237060547	30.950000762939453	35080.0	30.097383499145508
756	2018-12-04	32.099998474121094	31.0	31.0	32.099998474121094	122000.0	31.215702056884766
757	2018-12-05	32.04999923706055	31.200000762939453	32.04999923706055	31.950000762939453	42005.0	31.069835662841797
758	2018-12-06	31.950000762939453	31.450000762939453	31.950000762939453	31.450000762939453	17000.0	30.58361053466797
759	2018-12-07	32.45000076293945	30.5	32.45000076293945	30.549999237060547	47000.0	29.708402633666992
760	2018-12-10	30.950000762939453	30.25	30.399999618530273	30.950000762939453	21000.0	30.097383499145508
761	2018-12-11	31.5	30.549999237060547	30.549999237060547	31.5	28000.0	30.632232666015625
762	2018-12-12	32.150001525878906	31.200000762939453	32.150001525878906	31.700000762939453	37000.0	30.826723098754883
763	2018-12-13	31.700000762939453	31.700000762939453	31.700000762939453	31.700000762939453	0.0	30.826723098754883
764	2018-12-14	32.95000076293945	31.25	32.79999923706055	31.25	13000.0	30.389118194580078
765	2018-12-17	31.149999618530273	30.299999237060547	31.149999618530273	30.350000381469727	24000.0	29.513912200927734
766	2018-12-18	30.350000381469727	30.0	30.350000381469727	30.0	14000.0	29.173553466796875
767	2018-12-19	30.200000762939453	29.950000762939453	30.100000381469727	30.0	11001.0	29.173553466796875
768	2018-12-20	30.0	29.299999237060547	30.0	29.299999237060547	5000.0	28.49283790588379
769	2018-12-21	31.600000381469727	29.600000381469727	29.600000381469727	31.600000381469727	76000.0	30.729476928710938
770	2018-12-24	32.400001525878906	30.799999237060547	30.799999237060547	32.400001525878906	56000.0	31.5074405670166
771	2018-12-25	32.04999923706055	30.799999237060547	30.799999237060547	31.899999618530273	62000.0	31.021211624145508
772	2018-12-26	32.349998474121094	31.450000762939453	32.29999923706055	32.04999923706055	40000.0	31.16707992553711
773	2018-12-27	32.349998474121094	32.0	32.150001525878906	32.349998474121094	52000.0	31.45881462097168
774	2018-12-28	33.20000076293945	31.799999237060547	31.799999237060547	33.0	78008.0	32.09090805053711
775	2019-01-02	33.0	33.0	33.0	33.0	5009.0	32.09090805053711
776	2019-01-03	33.099998474121094	31.850000381469727	33.099998474121094	32.04999923706055	9000.0	31.16707992553711
777	2019-01-04	31.5	30.799999237060547	30.799999237060547	31.200000762939453	23000.0	30.340497970581055
778	2019-01-07	32.45000076293945	31.399999618530273	31.600000381469727	32.150001525878906	24000.0	31.264326095581055
779	2019-01-08	32.099998474121094	31.299999237060547	31.299999237060547	31.350000381469727	6000.0	30.486364364624023
780	2019-01-09	32.099998474121094	31.299999237060547	32.099998474121094	31.299999237060547	23000.0	30.437740325927734
781	2019-01-10	30.950000762939453	30.600000381469727	30.899999618530273	30.950000762939453	12000.0	30.097383499145508
782	2019-01-11	30.700000762939453	30.0	30.299999237060547	30.0	57000.0	29.173553466796875
783	2019-01-14	30.100000381469727	29.950000762939453	30.049999237060547	29.950000762939453	22000.0	29.12493324279785
784	2019-01-15	30.0	29.75	30.0	29.75	9000.0	28.93044090270996
785	2019-01-16	30.0	29.75	29.75	29.850000381469727	12000.0	29.027687072753906
786	2019-01-17	29.850000381469727	29.450000762939453	29.850000381469727	29.450000762939453	13390.0	28.63870620727539
787	2019-01-18	29.75	29.0	29.0	29.75	12000.0	28.93044090270996
788	2019-01-21	30.0	29.350000381469727	30.0	29.5	7000.0	28.687328338623047
789	2019-01-22	29.799999237060547	29.0	29.200000762939453	29.149999618530273	11000.0	28.346969604492188
790	2019-01-23	29.149999618530273	28.649999618530273	28.649999618530273	29.149999618530273	12000.0	28.346969604492188
791	2019-01-24	29.600000381469727	29.0	29.200000762939453	29.600000381469727	10000.0	28.784574508666992
792	2019-01-25	29.700000762939453	29.149999618530273	29.299999237060547	29.700000762939453	11000.0	28.881818771362305
793	2019-01-28	29.399999618530273	29.200000762939453	29.25	29.399999618530273	8000.0	28.5900821685791
794	2019-01-29	29.5	28.700000762939453	29.5	28.850000381469727	14000.0	28.055234909057617
795	2019-01-30	29.299999237060547	28.850000381469727	28.850000381469727	29.299999237060547	5000.0	28.49283790588379
796	2019-02-11	30.399999618530273	29.600000381469727	29.799999237060547	30.399999618530273	13011.0	29.56253433227539
797	2019-02-12	30.399999618530273	29.799999237060547	30.399999618530273	30.0	33011.0	29.173553466796875
798	2019-02-13	30.0	29.5	30.0	29.5	38000.0	28.687328338623047
799	2019-02-14	29.700000762939453	29.450000762939453	29.5	29.700000762939453	23000.0	28.881818771362305
800	2019-02-15	29.799999237060547	29.350000381469727	29.799999237060547	29.549999237060547	19000.0	28.735950469970703
801	2019-02-18	29.799999237060547	29.350000381469727	29.5	29.649999618530273	29010.0	28.833194732666016
802	2019-02-19	30.0	29.649999618530273	29.649999618530273	29.700000762939453	22000.0	28.881818771362305
803	2019-02-20	30.0	29.700000762939453	29.950000762939453	30.0	22121.0	29.173553466796875
804	2019-02-21	30.049999237060547	29.5	30.0	29.5	38000.0	28.687328338623047
805	2019-02-22	29.899999618530273	29.399999618530273	29.549999237060547	29.649999618530273	20052.0	28.833194732666016
806	2019-02-25	29.600000381469727	29.350000381469727	29.600000381469727	29.350000381469727	24000.0	28.541460037231445
807	2019-02-26	29.5	29.149999618530273	29.200000762939453	29.5	23390.0	28.687328338623047
808	2019-02-27	29.899999618530273	29.399999618530273	29.799999237060547	29.850000381469727	25000.0	29.027687072753906
809	2019-03-04	29.950000762939453	29.649999618530273	29.950000762939453	29.899999618530273	28000.0	29.076309204101562
810	2019-03-05	30.0	29.5	30.0	29.850000381469727	35000.0	29.027687072753906
811	2019-03-06	30.5	29.600000381469727	30.25	30.5	70383.0	29.659780502319336
812	2019-03-07	30.600000381469727	30.049999237060547	30.5	30.100000381469727	38001.0	29.27079963684082
813	2019-03-08	30.399999618530273	30.049999237060547	30.100000381469727	30.200000762939453	8097.0	29.368045806884766
814	2019-03-11	30.200000762939453	29.899999618530273	30.200000762939453	29.899999618530273	38181.0	29.076309204101562
815	2019-03-12	30.0	29.899999618530273	30.0	29.950000762939453	8000.0	29.12493324279785
816	2019-03-13	30.25	29.649999618530273	29.950000762939453	29.649999618530273	38144.0	28.833194732666016
817	2019-03-14	30.0	29.649999618530273	30.0	29.75	32000.0	28.93044090270996
818	2019-03-15	29.950000762939453	29.600000381469727	29.75	29.950000762939453	18000.0	29.12493324279785
819	2019-03-18	30.549999237060547	29.549999237060547	30.5	29.899999618530273	32010.0	29.076309204101562
820	2019-03-19	29.899999618530273	29.5	29.899999618530273	29.5	39293.0	28.687328338623047
821	2019-03-20	30.0	29.5	29.5	30.0	44285.0	29.173553466796875
822	2019-03-21	30.0	29.700000762939453	30.0	30.0	22000.0	29.173553466796875
823	2019-03-22	30.200000762939453	29.600000381469727	30.100000381469727	29.600000381469727	51000.0	28.784574508666992
824	2019-03-25	30.0	29.600000381469727	29.799999237060547	30.0	36000.0	29.173553466796875
825	2019-03-26	30.0	29.649999618530273	30.0	29.950000762939453	25000.0	29.12493324279785
826	2019-03-27	30.0	29.649999618530273	29.649999618530273	29.899999618530273	29000.0	29.076309204101562
827	2019-03-28	29.899999618530273	29.5	29.899999618530273	29.850000381469727	39000.0	29.027687072753906
828	2019-03-29	29.700000762939453	29.5	29.700000762939453	29.5	28000.0	28.687328338623047
829	2019-04-01	29.5	29.299999237060547	29.5	29.350000381469727	35000.0	28.541460037231445
830	2019-04-02	29.450000762939453	29.200000762939453	29.350000381469727	29.450000762939453	18000.0	28.63870620727539
831	2019-04-03	29.450000762939453	29.200000762939453	29.399999618530273	29.200000762939453	19000.0	28.395593643188477
832	2019-04-08	29.25	29.149999618530273	29.200000762939453	29.149999618530273	57000.0	28.346969604492188
833	2019-04-09	29.149999618530273	28.899999618530273	29.149999618530273	28.899999618530273	41180.0	28.103857040405273
834	2019-04-10	29.200000762939453	28.700000762939453	28.850000381469727	28.75	47000.0	27.957988739013672
835	2019-04-11	29.350000381469727	28.799999237060547	29.100000381469727	29.100000381469727	51182.0	28.29834747314453
836	2019-04-12	29.25	28.799999237060547	29.25	29.149999618530273	20000.0	28.346969604492188
837	2019-04-15	29.5	28.850000381469727	28.850000381469727	29.399999618530273	93117.0	28.5900821685791
838	2019-04-16	29.350000381469727	29.049999237060547	29.149999618530273	29.25	88000.0	28.444215774536133
839	2019-04-17	29.450000762939453	29.100000381469727	29.299999237060547	29.399999618530273	44000.0	28.5900821685791
840	2019-04-18	29.5	29.0	29.200000762939453	29.049999237060547	78000.0	28.249723434448242
841	2019-04-19	29.399999618530273	29.049999237060547	29.200000762939453	29.299999237060547	75000.0	28.49283790588379
842	2019-04-22	30.450000762939453	29.200000762939453	29.299999237060547	29.299999237060547	30053.0	28.49283790588379
843	2019-04-23	29.299999237060547	29.0	29.200000762939453	29.299999237060547	25000.0	28.49283790588379
844	2019-04-24	29.399999618530273	29.100000381469727	29.149999618530273	29.200000762939453	36000.0	28.395593643188477
845	2019-04-25	29.100000381469727	29.0	29.100000381469727	29.049999237060547	26000.0	28.249723434448242
846	2019-04-26	29.0	28.850000381469727	29.0	28.850000381469727	46101.0	28.055234909057617
847	2019-04-29	29.600000381469727	28.799999237060547	28.850000381469727	29.600000381469727	32095.0	28.784574508666992
848	2019-04-30	29.399999618530273	28.950000762939453	28.950000762939453	29.200000762939453	23000.0	28.395593643188477
849	2019-05-02	29.200000762939453	29.0	29.200000762939453	29.200000762939453	16000.0	28.395593643188477
850	2019-05-03	29.350000381469727	29.049999237060547	29.200000762939453	29.350000381469727	30000.0	28.541460037231445
851	2019-05-06	29.649999618530273	28.950000762939453	29.100000381469727	28.950000762939453	43000.0	28.152481079101562
852	2019-05-07	29.149999618530273	28.899999618530273	29.0	29.149999618530273	43000.0	28.346969604492188
853	2019-05-08	29.149999618530273	28.75	28.899999618530273	28.799999237060547	81000.0	28.006610870361328
854	2019-05-09	31.649999618530273	29.5	29.5	31.649999618530273	866000.0	30.778099060058594
855	2019-05-10	32.25	28.5	32.25	28.600000381469727	1300009.0	27.812122344970703
856	2019-05-13	28.700000762939453	26.5	28.600000381469727	26.899999618530273	565011.0	26.158952713012695
857	2019-05-14	28.299999237060547	26.0	26.049999237060547	27.350000381469727	247017.0	26.5965576171875
858	2019-05-15	28.200000762939453	27.5	27.950000762939453	28.0	79000.0	27.22865104675293
859	2019-05-16	28.0	27.5	27.899999618530273	27.5	90017.0	26.74242401123047
860	2019-05-17	27.799999237060547	26.549999237060547	27.799999237060547	26.649999618530273	122000.0	25.91584014892578
861	2019-05-20	27.399999618530273	26.5	27.399999618530273	26.549999237060547	68019.0	25.818593978881836
862	2019-05-21	27.299999237060547	26.5	26.5	27.299999237060547	26006.0	26.54793357849121
863	2019-05-22	27.549999237060547	27.299999237060547	27.299999237060547	27.549999237060547	48012.0	26.791046142578125
864	2019-05-23	27.799999237060547	27.0	27.799999237060547	27.0	53195.0	26.25619888305664
865	2019-05-24	27.5	27.200000762939453	27.5	27.299999237060547	39000.0	26.54793357849121
866	2019-05-27	27.200000762939453	26.649999618530273	27.200000762939453	26.649999618530273	103000.0	25.91584014892578
867	2019-05-28	27.0	26.600000381469727	26.799999237060547	26.75	68207.0	26.013086318969727
868	2019-05-29	27.5	26.75	26.75	27.049999237060547	41000.0	26.304821014404297
869	2019-05-30	28.0	27.149999618530273	27.350000381469727	28.0	29000.0	27.22865104675293
870	2019-05-31	28.049999237060547	27.649999618530273	28.049999237060547	27.850000381469727	21000.0	27.082782745361328
871	2019-06-03	28.0	27.25	27.850000381469727	28.0	16000.0	27.22865104675293
872	2019-06-04	28.149999618530273	27.799999237060547	28.049999237060547	27.799999237060547	35305.0	27.03415870666504
873	2019-06-05	28.5	27.799999237060547	27.799999237060547	28.450000762939453	40000.0	27.6662540435791
874	2019-06-06	29.200000762939453	28.200000762939453	29.200000762939453	28.350000381469727	6000.0	27.56900978088379
875	2019-06-10	28.5	28.149999618530273	28.5	28.149999618530273	17010.0	27.3745174407959
876	2019-06-11	30.950000762939453	30.700000762939453	30.950000762939453	30.950000762939453	664005.0	30.097383499145508
877	2019-06-12	32.20000076293945	30.600000381469727	30.899999618530273	31.899999618530273	633016.0	31.021211624145508
878	2019-06-13	32.20000076293945	31.049999237060547	32.0	32.0	245068.0	31.118457794189453
879	2019-06-14	35.20000076293945	31.649999618530273	32.150001525878906	35.20000076293945	879154.0	34.23030471801758
880	2019-06-17	38.70000076293945	35.29999923706055	35.900001525878906	38.70000076293945	1778620.0	37.63388442993164
881	2019-06-18	39.45000076293945	37.099998474121094	39.349998474121094	38.79999923706055	1255290.0	37.73112869262695
882	2019-06-19	37.5	35.25	35.75	37.0	1239781.0	35.980716705322266
883	2019-06-20	38.0	36.650001525878906	37.0	36.650001525878906	548492.0	35.64036178588867
884	2019-06-21	36.5	33.20000076293945	36.400001525878906	33.70000076293945	908250.0	32.77162551879883
885	2019-06-24	34.849998474121094	32.400001525878906	33.70000076293945	34.75	571100.0	33.792701721191406
886	2019-06-25	35.20000076293945	34.099998474121094	34.599998474121094	34.099998474121094	220566.0	33.160606384277344
887	2019-06-26	37.5	34.099998474121094	34.099998474121094	37.5	529666.0	36.466941833496094
888	2019-06-27	38.54999923706055	37.150001525878906	38.5	37.29999923706055	851011.0	36.27245330810547
889	2019-06-28	38.20000076293945	36.599998474121094	37.0	37.29999923706055	415184.0	36.27245330810547
890	2019-07-01	37.75	37.04999923706055	37.29999923706055	37.04999923706055	300000.0	36.02933883666992
891	2019-07-02	37.099998474121094	36.20000076293945	36.599998474121094	36.20000076293945	252000.0	35.202754974365234
892	2019-07-03	36.650001525878906	35.5	35.5	36.650001525878906	183000.0	35.64036178588867
893	2019-07-04	38.29999923706055	36.650001525878906	36.70000076293945	36.650001525878906	390200.0	35.64036178588867
894	2019-07-05	36.900001525878906	36.29999923706055	36.849998474121094	36.45000076293945	143000.0	35.44586944580078
895	2019-07-08	37.79999923706055	36.5	36.95000076293945	37.04999923706055	324000.0	36.02933883666992
896	2019-07-09	37.20000076293945	36.349998474121094	37.04999923706055	37.0	173200.0	35.980716705322266
897	2019-07-10	40.0	37.099998474121094	37.150001525878906	37.79999923706055	910070.0	36.7586784362793
898	2019-07-11	37.849998474121094	36.54999923706055	37.5	37.79999923706055	473500.0	36.7586784362793
899	2019-07-12	38.29999923706055	37.25	37.79999923706055	37.79999923706055	228000.0	36.7586784362793
900	2019-07-15	38.599998474121094	37.79999923706055	38.0	37.900001525878906	269078.0	36.855926513671875
901	2019-07-16	38.25	36.79999923706055	38.25	36.79999923706055	237250.0	35.786224365234375
902	2019-07-17	36.79999923706055	34.849998474121094	36.79999923706055	35.29999923706055	419000.0	34.32754898071289
903	2019-07-18	36.400001525878906	35.650001525878906	35.849998474121094	36.20000076293945	246000.0	35.202754974365234
904	2019-07-19	36.29999923706055	35.75	36.099998474121094	36.29999923706055	84420.0	35.29999923706055
905	2019-07-22	36.45000076293945	36.0	36.29999923706055	36.20000076293945	71000.0	35.202754974365234
906	2019-07-23	36.5	35.75	36.5	36.099998474121094	114000.0	35.105506896972656
907	2019-07-24	36.099998474121094	35.400001525878906	36.099998474121094	35.599998474121094	60300.0	34.61928176879883
908	2019-07-25	35.650001525878906	35.0	35.599998474121094	35.0	75000.0	34.03581237792969
909	2019-07-26	35.45000076293945	35.04999923706055	35.099998474121094	35.29999923706055	38515.0	34.32754898071289
910	2019-07-29	35.5	35.099998474121094	35.099998474121094	35.29999923706055	30000.0	34.32754898071289
911	2019-07-30	35.29999923706055	34.29999923706055	35.29999923706055	34.599998474121094	52481.0	33.64683151245117
912	2019-07-31	34.650001525878906	33.20000076293945	34.5	34.5	128000.0	33.54958724975586
913	2019-08-01	35.29999923706055	33.5	34.20000076293945	35.29999923706055	86000.0	34.32754898071289
914	2019-08-02	35.79999923706055	35.0	35.0	35.5	104400.0	34.522037506103516
915	2019-08-05	35.79999923706055	34.79999923706055	35.5	34.79999923706055	55030.0	33.84132385253906
916	2019-08-06	34.75	32.849998474121094	32.849998474121094	34.349998474121094	102000.0	33.403717041015625
917	2019-08-07	34.5	33.70000076293945	34.5	34.400001525878906	36000.0	33.45234298706055
918	2019-08-08	34.599998474121094	33.849998474121094	34.29999923706055	33.849998474121094	52000.0	32.9174919128418
919	2019-08-12	36.900001525878906	35.099998474121094	36.900001525878906	35.400001525878906	132255.0	34.42479705810547
920	2019-08-13	35.95000076293945	34.5	35.04999923706055	35.79999923706055	156332.0	34.81377410888672
921	2019-08-14	36.20000076293945	35.5	35.79999923706055	35.54999923706055	84000.0	34.57065963745117
922	2019-08-15	35.25	34.400001525878906	35.04999923706055	34.79999923706055	81001.0	33.84132385253906
923	2019-08-16	35.04999923706055	34.349998474121094	34.79999923706055	34.400001525878906	53001.0	33.45234298706055
924	2019-08-19	34.349998474121094	33.75	34.349998474121094	33.95000076293945	123012.0	33.014739990234375
925	2019-08-20	36.0	34.099998474121094	34.45000076293945	36.0	392000.0	35.00826644897461
926	2019-08-21	37.599998474121094	36.29999923706055	37.0	36.95000076293945	667152.0	35.93209457397461
927	2019-08-22	37.650001525878906	36.95000076293945	37.0	37.400001525878906	369397.0	36.36969757080078
928	2019-08-23	37.900001525878906	36.29999923706055	37.900001525878906	36.29999923706055	203380.0	35.29999923706055
929	2019-08-27	35.599998474121094	35.04999923706055	35.099998474121094	35.400001525878906	25002.0	35.400001525878906
930	2019-08-28	35.599998474121094	35.29999923706055	35.349998474121094	35.400001525878906	34451.0	35.400001525878906
931	2019-08-29	35.70000076293945	34.599998474121094	35.70000076293945	34.70000076293945	77000.0	34.70000076293945
932	2019-08-30	34.79999923706055	34.45000076293945	34.79999923706055	34.70000076293945	35000.0	34.70000076293945
933	2019-09-02	34.599998474121094	34.29999923706055	34.5	34.599998474121094	45000.0	34.599998474121094
934	2019-09-03	35.0	34.70000076293945	35.0	34.75	15000.0	34.75
935	2019-09-04	34.849998474121094	34.45000076293945	34.650001525878906	34.849998474121094	17000.0	34.849998474121094
936	2019-09-05	35.099998474121094	34.5	34.849998474121094	35.099998474121094	40000.0	35.099998474121094
937	2019-09-06	35.29999923706055	34.849998474121094	35.29999923706055	34.849998474121094	28536.0	34.849998474121094
938	2019-09-10	35.0	34.45000076293945	35.0	34.75	9000.0	34.75
939	2019-09-11	36.900001525878906	34.79999923706055	34.79999923706055	36.0	194000.0	36.0
940	2019-09-12	36.599998474121094	36.0	36.599998474121094	36.0	69000.0	36.0
941	2019-09-16	36.79999923706055	35.849998474121094	36.79999923706055	36.599998474121094	66282.0	36.599998474121094
942	2019-09-17	36.5	36.04999923706055	36.04999923706055	36.29999923706055	19180.0	36.29999923706055
943	2019-09-18	36.54999923706055	35.900001525878906	36.54999923706055	36.20000076293945	38000.0	36.20000076293945
944	2019-09-19	36.5	36.29999923706055	36.349998474121094	36.400001525878906	54000.0	36.400001525878906
945	2019-09-20	36.95000076293945	36.25	36.95000076293945	36.29999923706055	40000.0	36.29999923706055
946	2019-09-23	36.0	35.400001525878906	36.0	35.849998474121094	41448.0	35.849998474121094
947	2019-09-24	35.650001525878906	35.29999923706055	35.650001525878906	35.45000076293945	35000.0	35.45000076293945
948	2019-09-25	35.5	35.29999923706055	35.45000076293945	35.349998474121094	11000.0	35.349998474121094
949	2019-09-26	35.849998474121094	35.20000076293945	35.20000076293945	35.5	11001.0	35.5
950	2019-09-27	35.599998474121094	34.95000076293945	35.29999923706055	35.0	34000.0	35.0
951	2019-10-01	35.5	34.75	35.5	34.75	8200.0	34.75
952	2019-10-02	34.849998474121094	34.5	34.599998474121094	34.75	16000.0	34.75
953	2019-10-03	35.349998474121094	34.599998474121094	34.599998474121094	34.849998474121094	21000.0	34.849998474121094
954	2019-10-04	34.849998474121094	34.5	34.849998474121094	34.5	23000.0	34.5
955	2019-10-07	34.900001525878906	34.20000076293945	34.20000076293945	34.849998474121094	15000.0	34.849998474121094
956	2019-10-08	35.0	34.95000076293945	35.0	34.95000076293945	7000.0	34.95000076293945
957	2019-10-09	35.20000076293945	34.79999923706055	34.79999923706055	35.150001525878906	20000.0	35.150001525878906
958	2019-10-14	35.150001525878906	34.099998474121094	35.150001525878906	34.099998474121094	49100.0	34.099998474121094
959	2019-10-15	34.150001525878906	33.400001525878906	34.0	34.099998474121094	88000.0	34.099998474121094
960	2019-10-16	34.349998474121094	34.0	34.29999923706055	34.349998474121094	23000.0	34.349998474121094
961	2019-10-17	34.5	34.0	34.5	34.04999923706055	18000.0	34.04999923706055
962	2019-10-18	34.400001525878906	33.650001525878906	34.099998474121094	34.349998474121094	44000.0	34.349998474121094
963	2019-10-21	34.79999923706055	34.400001525878906	34.5	34.79999923706055	18000.0	34.79999923706055
964	2019-10-22	35.29999923706055	34.650001525878906	34.79999923706055	35.099998474121094	43000.0	35.099998474121094
965	2019-10-23	35.400001525878906	34.79999923706055	35.099998474121094	35.099998474121094	51000.0	35.099998474121094
966	2019-10-24	35.5	35.29999923706055	35.5	35.29999923706055	13000.0	35.29999923706055
967	2019-10-25	35.400001525878906	35.29999923706055	35.29999923706055	35.29999923706055	11000.0	35.29999923706055
968	2019-10-28	35.29999923706055	34.75	35.29999923706055	34.75	11610.0	34.75
969	2019-10-29	34.79999923706055	34.099998474121094	34.75	34.099998474121094	27044.0	34.099998474121094
970	2019-10-30	34.5	34.099998474121094	34.099998474121094	34.400001525878906	21000.0	34.400001525878906
971	2019-10-31	37.79999923706055	35.5	35.5	37.79999923706055	1125782.0	37.79999923706055
972	2019-11-01	38.900001525878906	35.79999923706055	38.900001525878906	35.79999923706055	1048220.0	35.79999923706055
973	2019-11-04	36.099998474121094	35.599998474121094	35.95000076293945	35.599998474121094	105000.0	35.599998474121094
974	2019-11-05	35.900001525878906	35.099998474121094	35.599998474121094	35.099998474121094	93000.0	35.099998474121094
975	2019-11-06	35.54999923706055	35.099998474121094	35.099998474121094	35.29999923706055	54000.0	35.29999923706055
976	2019-11-07	36.20000076293945	35.29999923706055	35.5	35.29999923706055	81000.0	35.29999923706055
977	2019-11-08	36.0	35.349998474121094	35.599998474121094	35.5	42150.0	35.5
978	2019-11-11	37.04999923706055	35.650001525878906	36.79999923706055	35.75	151000.0	35.75
979	2019-11-12	36.5	35.650001525878906	36.400001525878906	36.099998474121094	45001.0	36.099998474121094
980	2019-11-13	36.650001525878906	36.150001525878906	36.349998474121094	36.150001525878906	84000.0	36.150001525878906
981	2019-11-14	36.5	36.20000076293945	36.25	36.400001525878906	42000.0	36.400001525878906
982	2019-11-15	40.0	36.599998474121094	36.95000076293945	40.0	1036842.0	40.0
983	2019-11-18	43.20000076293945	40.04999923706055	41.5	40.900001525878906	1429299.0	40.900001525878906
984	2019-11-19	42.5	40.25	40.400001525878906	40.849998474121094	422340.0	40.849998474121094
985	2019-11-20	43.0	40.900001525878906	41.5	40.900001525878906	673111.0	40.900001525878906
986	2019-11-21	42.20000076293945	41.0	41.0	41.599998474121094	270150.0	41.599998474121094
987	2019-11-22	42.400001525878906	39.099998474121094	42.29999923706055	39.099998474121094	455240.0	39.099998474121094
988	2019-11-25	39.70000076293945	38.29999923706055	39.650001525878906	38.349998474121094	164000.0	38.349998474121094
989	2019-11-26	38.45000076293945	37.70000076293945	38.349998474121094	37.79999923706055	188200.0	37.79999923706055
990	2019-11-27	38.400001525878906	37.150001525878906	37.79999923706055	37.75	269000.0	37.75
991	2019-11-28	39.25	38.099998474121094	38.099998474121094	38.54999923706055	278200.0	38.54999923706055
992	2019-11-29	41.0	38.599998474121094	39.349998474121094	38.599998474121094	520100.0	38.599998474121094
993	2019-12-02	38.70000076293945	37.599998474121094	38.349998474121094	37.75	174000.0	37.75
994	2019-12-03	38.5	37.75	37.75	38.20000076293945	75026.0	38.20000076293945
995	2019-12-04	38.70000076293945	38.0	38.150001525878906	38.20000076293945	149000.0	38.20000076293945
996	2019-12-05	38.45000076293945	38.099998474121094	38.349998474121094	38.099998474121094	44548.0	38.099998474121094
997	2019-12-06	39.0	38.349998474121094	38.599998474121094	38.5	93128.0	38.5
998	2019-12-09	39.099998474121094	38.349998474121094	38.650001525878906	38.54999923706055	76000.0	38.54999923706055
999	2019-12-10	38.54999923706055	38.20000076293945	38.54999923706055	38.5	36000.0	38.5
1000	2019-12-11	37.099998474121094	35.0	37.099998474121094	35.849998474121094	800053.0	35.849998474121094
1001	2019-12-12	36.29999923706055	35.599998474121094	35.900001525878906	35.849998474121094	88000.0	35.849998474121094
1002	2019-12-13	36.0	35.70000076293945	36.0	35.70000076293945	64002.0	35.70000076293945
1003	2019-12-16	35.95000076293945	35.54999923706055	35.70000076293945	35.79999923706055	0.0	35.79999923706055
1004	2019-12-17	36.400001525878906	35.54999923706055	35.54999923706055	36.400001525878906	68010.0	36.400001525878906
1005	2019-12-18	36.29999923706055	36.04999923706055	36.099998474121094	36.20000076293945	35489.0	36.20000076293945
1006	2019-12-19	36.70000076293945	36.20000076293945	36.20000076293945	36.5	80000.0	36.5
1007	2019-12-20	36.849998474121094	36.599998474121094	36.599998474121094	36.79999923706055	33000.0	36.79999923706055
1008	2019-12-23	37.0	36.54999923706055	36.75	37.0	43002.0	37.0
1009	2019-12-24	37.20000076293945	36.599998474121094	37.099998474121094	36.900001525878906	22003.0	36.900001525878906
1010	2019-12-25	36.900001525878906	36.599998474121094	36.900001525878906	36.599998474121094	39000.0	36.599998474121094
1011	2019-12-26	36.79999923706055	36.650001525878906	36.75	36.650001525878906	33488.0	36.650001525878906
1012	2019-12-27	37.0	36.70000076293945	36.70000076293945	36.900001525878906	30200.0	36.900001525878906
1013	2019-12-30	36.900001525878906	36.400001525878906	36.900001525878906	36.5	51000.0	36.5
1014	2019-12-31	36.45000076293945	36.150001525878906	36.150001525878906	36.400001525878906	27000.0	36.400001525878906
1015	2020-01-02	37.0	36.400001525878906	36.5	36.70000076293945	30000.0	36.70000076293945
1016	2020-01-03	37.400001525878906	36.75	36.75	37.20000076293945	78000.0	37.20000076293945
